       14	2025-03-03 06:50:31	1	255	1	0
        5	2025-03-03 06:51:19	1	255	1	0
       12	2025-03-03 06:51:23	1	255	1	0
        4	2025-03-03 06:51:32	1	255	1	0
        6	2025-03-03 07:04:37	1	255	1	0
       11	2025-03-03 07:10:21	1	255	1	0
        9	2025-03-03 07:34:52	1	255	1	0
       14	2025-03-03 15:50:31	1	255	1	0
        5	2025-03-03 16:09:57	1	255	1	0
       12	2025-03-03 16:10:09	1	255	1	0
        4	2025-03-03 16:10:15	1	255	1	0
       11	2025-03-03 16:10:21	1	255	1	0
        9	2025-03-03 16:32:52	1	255	1	0
        6	2025-03-03 19:15:10	1	255	1	0
       14	2025-03-04 06:44:19	1	255	1	0
       12	2025-03-04 06:45:47	1	255	1	0
        5	2025-03-04 06:45:50	1	255	1	0
       11	2025-03-04 06:45:55	1	255	1	0
        4	2025-03-04 06:51:57	1	255	1	0
        6	2025-03-04 06:56:03	1	255	1	0
        9	2025-03-04 07:34:45	1	255	1	0
       14	2025-03-04 16:02:12	1	255	1	0
       12	2025-03-04 16:02:16	1	255	1	0
       11	2025-03-04 16:02:19	1	255	1	0
        4	2025-03-04 16:02:22	1	255	1	0
        5	2025-03-04 16:02:49	1	255	1	0
        5	2025-03-04 16:02:53	1	255	1	0
        9	2025-03-04 16:14:43	1	255	1	0
        6	2025-03-04 18:20:41	1	255	1	0
       14	2025-03-05 06:46:56	1	255	1	0
        4	2025-03-05 06:50:02	1	255	1	0
        6	2025-03-05 07:03:41	1	255	1	0
        5	2025-03-05 07:22:44	1	255	1	0
       12	2025-03-05 07:22:49	1	255	1	0
        9	2025-03-05 07:35:31	1	255	1	0
       11	2025-03-05 07:35:41	1	255	1	0
       14	2025-03-05 15:46:56	1	255	1	0
        4	2025-03-05 15:50:02	1	255	1	0
        9	2025-03-05 15:56:13	1	255	1	0
       12	2025-03-05 16:02:57	1	255	1	0
        5	2025-03-05 16:03:01	1	255	1	0
       11	2025-03-05 16:35:41	1	255	1	0
        6	2025-03-05 19:41:47	1	255	1	0
        5	2025-03-06 06:54:18	1	255	1	0
       12	2025-03-06 06:54:26	1	255	1	0
       11	2025-03-06 06:54:36	1	255	1	0
        4	2025-03-06 06:59:03	1	255	1	0
        9	2025-03-06 07:35:47	1	255	1	0
        6	2025-03-06 08:04:04	1	255	1	0
       14	2025-03-06 08:47:45	1	255	1	0
       14	2025-03-06 16:05:17	1	255	1	0
        4	2025-03-06 16:05:25	1	255	1	0
       11	2025-03-06 16:05:33	1	255	1	0
       12	2025-03-06 16:05:37	1	255	1	0
        5	2025-03-06 16:05:40	1	255	1	0
        9	2025-03-06 16:18:14	1	255	1	0
        6	2025-03-06 16:39:30	1	255	1	0
       14	2025-03-07 06:46:38	1	255	1	0
       11	2025-03-07 06:48:32	1	255	1	0
        5	2025-03-07 06:48:37	1	255	1	0
       12	2025-03-07 06:48:42	1	255	1	0
        4	2025-03-07 07:00:15	1	255	1	0
        9	2025-03-07 07:35:15	1	255	1	0
        6	2025-03-07 08:53:58	1	255	1	0
        6	2025-03-07 15:36:29	1	255	1	0
       14	2025-03-07 15:46:38	1	255	1	0
       11	2025-03-07 15:48:32	1	255	1	0
        5	2025-03-07 15:48:37	1	255	1	0
       12	2025-03-07 15:48:42	1	255	1	0
        4	2025-03-07 16:00:15	1	255	1	0
        9	2025-03-07 16:35:15	1	255	1	0
       14	2025-03-10 06:42:40	1	255	1	0
       12	2025-03-10 06:47:59	1	255	1	0
        5	2025-03-10 06:48:02	1	255	1	0
       11	2025-03-10 06:48:06	1	255	1	0
        4	2025-03-10 06:54:00	1	255	1	0
        6	2025-03-10 07:57:16	1	255	1	0
        9	2025-03-10 08:19:02	1	255	1	0
       11	2025-03-10 15:52:48	1	255	1	0
       14	2025-03-10 15:52:53	1	255	1	0
        4	2025-03-10 15:52:57	1	255	1	0
        5	2025-03-10 15:53:01	1	255	1	0
       12	2025-03-10 15:53:05	1	255	1	0
        9	2025-03-10 15:53:56	1	255	1	0
        6	2025-03-10 16:34:40	1	255	1	0
       14	2025-03-11 06:40:19	1	255	1	0
        4	2025-03-11 06:40:23	1	255	1	0
       12	2025-03-11 06:46:19	1	255	1	0
        5	2025-03-11 06:46:22	1	255	1	0
       11	2025-03-11 06:46:26	1	255	1	0
        9	2025-03-11 07:33:31	1	255	1	0
        6	2025-03-11 08:08:08	1	255	1	0
        4	2025-03-11 16:02:33	1	255	1	0
        6	2025-03-11 16:11:16	1	255	1	0
       12	2025-03-11 16:21:02	1	255	1	0
       14	2025-03-11 16:21:05	1	255	1	0
        5	2025-03-11 16:21:13	1	255	1	0
       11	2025-03-11 16:21:16	1	255	1	0
        9	2025-03-11 16:33:31	1	255	1	0
       12	2025-03-12 06:46:24	1	255	1	0
        5	2025-03-12 06:46:27	1	255	1	0
       11	2025-03-12 06:46:36	1	255	1	0
        4	2025-03-12 07:00:48	1	255	1	0
       11	2025-03-12 07:08:47	1	255	1	0
       11	2025-03-12 07:08:50	1	255	1	0
        9	2025-03-12 07:32:44	1	255	1	0
        6	2025-03-12 08:04:19	1	255	1	0
       14	2025-03-12 08:36:24	1	255	1	0
        6	2025-03-12 15:51:30	1	255	1	0
       12	2025-03-12 15:58:47	1	255	1	0
        4	2025-03-12 15:58:51	1	255	1	0
       11	2025-03-12 15:58:56	1	255	1	0
        5	2025-03-12 15:59:00	1	255	1	0
       14	2025-03-12 15:59:07	1	255	1	0
        9	2025-03-12 16:17:58	1	255	1	0
       14	2025-03-13 06:45:14	1	255	1	0
       11	2025-03-13 06:48:51	1	255	1	0
        5	2025-03-13 06:48:55	1	255	1	0
        4	2025-03-13 06:49:08	1	255	1	0
       12	2025-03-13 06:49:12	1	255	1	0
        6	2025-03-13 07:28:12	1	255	1	0
        9	2025-03-13 08:05:07	1	255	1	0
        6	2025-03-13 15:35:30	1	255	1	0
       11	2025-03-13 15:48:51	1	255	1	0
       12	2025-03-13 16:26:38	1	255	1	0
        4	2025-03-13 16:26:52	1	255	1	0
       14	2025-03-13 16:27:47	1	255	1	0
        5	2025-03-13 16:35:23	1	255	1	0
        9	2025-03-13 17:05:07	1	255	1	0
       14	2025-03-14 06:44:12	1	255	1	0
        5	2025-03-14 06:48:34	1	255	1	0
       12	2025-03-14 06:48:37	1	255	1	0
       11	2025-03-14 06:48:43	1	255	1	0
       11	2025-03-14 06:48:57	1	255	1	0
        4	2025-03-14 06:51:58	1	255	1	0
        6	2025-03-14 07:33:26	1	255	1	0
        9	2025-03-14 07:34:28	1	255	1	0
       14	2025-03-14 15:47:28	1	255	1	0
       12	2025-03-14 15:47:32	1	255	1	0
        5	2025-03-14 15:47:36	1	255	1	0
        4	2025-03-14 15:47:40	1	255	1	0
       11	2025-03-14 15:47:44	1	255	1	0
        5	2025-03-14 15:47:47	1	255	1	0
        9	2025-03-14 16:02:18	1	255	1	0
        6	2025-03-14 16:06:45	1	255	1	0
        4	2025-03-17 06:54:06	1	255	1	0
       12	2025-03-17 06:59:17	1	255	1	0
        5	2025-03-17 06:59:24	1	255	1	0
       11	2025-03-17 06:59:28	1	255	1	0
       14	2025-03-17 07:00:51	1	255	1	0
        9	2025-03-17 07:31:02	1	255	1	0
        6	2025-03-17 07:53:33	1	255	1	0
       12	2025-03-17 16:00:43	1	255	1	0
       11	2025-03-17 16:00:47	1	255	1	0
       14	2025-03-17 16:00:51	1	255	1	0
        5	2025-03-17 16:00:55	1	255	1	0
        4	2025-03-17 16:00:59	1	255	1	0
        6	2025-03-17 16:13:29	1	255	1	0
        9	2025-03-17 16:19:47	1	255	1	0
       14	2025-03-18 06:39:13	1	255	1	0
        4	2025-03-18 06:45:22	1	255	1	0
        5	2025-03-18 06:47:17	1	255	1	0
       12	2025-03-18 06:47:36	1	255	1	0
       11	2025-03-18 06:47:45	1	255	1	0
        6	2025-03-18 07:09:54	1	255	1	0
        9	2025-03-18 07:36:47	1	255	1	0
       14	2025-03-18 15:56:02	1	255	1	0
        4	2025-03-18 15:56:10	1	255	1	0
        5	2025-03-18 15:56:16	1	255	1	0
       12	2025-03-18 15:56:19	1	255	1	0
       11	2025-03-18 15:56:28	1	255	1	0
        5	2025-03-18 16:23:37	1	255	1	0
       14	2025-03-18 16:23:41	1	255	1	0
       11	2025-03-18 16:23:43	1	255	1	0
        9	2025-03-18 16:36:47	1	255	1	0
        6	2025-03-18 19:00:27	1	255	1	0
       14	2025-03-19 06:39:01	1	255	1	0
        5	2025-03-19 06:45:57	1	255	1	0
       12	2025-03-19 06:46:00	1	255	1	0
        4	2025-03-19 06:49:13	1	255	1	0
       11	2025-03-19 06:52:17	1	255	1	0
        6	2025-03-19 07:01:25	1	255	1	0
        9	2025-03-19 07:35:35	1	255	1	0
       12	2025-03-19 15:46:00	1	255	1	0
        4	2025-03-19 16:08:00	1	255	1	0
       14	2025-03-19 16:08:04	1	255	1	0
        9	2025-03-19 16:15:24	1	255	1	0
       11	2025-03-19 16:45:27	1	255	1	0
        5	2025-03-19 16:45:31	1	255	1	0
        6	2025-03-19 19:10:53	1	255	1	0
        5	2025-03-20 06:43:33	1	255	1	0
        4	2025-03-20 06:43:36	1	255	1	0
       14	2025-03-20 06:43:46	1	255	1	0
       11	2025-03-20 06:44:10	1	255	1	0
       12	2025-03-20 06:45:01	1	255	1	0
        6	2025-03-20 06:58:53	1	255	1	0
        9	2025-03-20 07:31:39	1	255	1	0
        5	2025-03-20 15:39:59	1	255	1	0
       11	2025-03-20 15:40:04	1	255	1	0
       12	2025-03-20 15:45:01	1	255	1	0
        4	2025-03-20 16:09:04	1	255	1	0
       14	2025-03-20 16:26:23	1	255	1	0
        9	2025-03-20 17:29:26	1	255	1	0
        6	2025-03-20 19:35:34	1	255	1	0
       14	2025-03-21 06:41:14	1	255	1	0
       12	2025-03-21 06:45:39	1	255	1	0
        4	2025-03-21 06:45:43	1	255	1	0
        5	2025-03-21 06:45:47	1	255	1	0
       11	2025-03-21 06:46:02	1	255	1	0
        6	2025-03-21 07:02:31	1	255	1	0
        9	2025-03-21 07:30:56	1	255	1	0
        5	2025-03-21 15:32:14	1	255	1	0
       14	2025-03-21 15:32:16	1	255	1	0
       12	2025-03-21 15:32:21	1	255	1	0
       11	2025-03-21 15:32:24	1	255	1	0
        4	2025-03-21 15:45:43	1	255	1	0
        9	2025-03-21 15:59:10	1	255	1	0
        6	2025-03-21 18:02:39	1	255	1	0
       14	2025-03-24 06:40:15	1	255	1	0
       12	2025-03-24 06:51:42	1	255	1	0
        4	2025-03-24 06:51:47	1	255	1	0
       11	2025-03-24 06:52:25	1	255	1	0
        9	2025-03-24 07:32:35	1	255	1	0
        6	2025-03-24 08:09:17	1	255	1	0
        6	2025-03-24 16:05:03	1	255	1	0
       14	2025-03-24 16:09:26	1	255	1	0
       11	2025-03-24 16:09:31	1	255	1	0
       12	2025-03-24 16:09:34	1	255	1	0
        4	2025-03-24 16:09:43	1	255	1	0
        9	2025-03-24 16:17:17	1	255	1	0
       14	2025-03-25 06:40:31	1	255	1	0
       11	2025-03-25 06:47:59	1	255	1	0
        4	2025-03-25 06:48:06	1	255	1	0
        9	2025-03-25 07:33:34	1	255	1	0
       12	2025-03-25 07:45:32	1	255	1	0
        6	2025-03-25 07:49:58	1	255	1	0
        9	2025-03-25 16:31:53	1	255	1	0
        4	2025-03-25 16:54:05	1	255	1	0
       14	2025-03-25 16:59:38	1	255	1	0
        6	2025-03-25 17:03:11	1	255	1	0
       12	2025-03-25 17:03:22	1	255	1	0
       11	2025-03-25 17:03:31	1	255	1	0
        9	2025-03-26 06:39:22	1	255	1	0
       14	2025-03-26 06:41:09	1	255	1	0
        4	2025-03-26 06:48:15	1	255	1	0
       11	2025-03-26 06:50:40	1	255	1	0
        5	2025-03-26 06:50:44	1	255	1	0
       12	2025-03-26 07:53:05	1	255	1	0
        6	2025-03-26 08:00:52	1	255	1	0
        6	2025-03-26 15:54:19	1	255	1	0
        9	2025-03-26 16:17:45	1	255	1	0
        4	2025-03-26 16:52:52	1	255	1	0
       14	2025-03-26 16:52:57	1	255	1	0
       12	2025-03-26 16:53:05	1	255	1	0
        5	2025-03-26 16:53:15	1	255	1	0
       11	2025-03-26 16:53:30	1	255	1	0
       14	2025-03-27 06:38:06	1	255	1	0
        9	2025-03-27 06:40:31	1	255	1	0
       12	2025-03-27 06:50:55	1	255	1	0
        5	2025-03-27 06:50:58	1	255	1	0
       11	2025-03-27 06:51:03	1	255	1	0
        4	2025-03-27 06:51:12	1	255	1	0
       11	2025-03-27 06:51:30	1	255	1	0
        6	2025-03-27 07:51:14	1	255	1	0
       14	2025-03-27 15:38:06	1	255	1	0
        9	2025-03-27 16:18:33	1	255	1	0
        6	2025-03-27 17:03:12	1	255	1	0
        4	2025-03-27 17:05:27	1	255	1	0
       12	2025-03-27 17:05:31	1	255	1	0
        5	2025-03-27 17:05:36	1	255	1	0
       11	2025-03-27 17:05:45	1	255	1	0
        9	2025-03-28 06:33:47	1	255	1	0
       14	2025-03-28 06:41:44	1	255	1	0
       12	2025-03-28 06:52:06	1	255	1	0
        5	2025-03-28 06:52:15	1	255	1	0
        4	2025-03-28 06:52:17	1	255	1	0
       11	2025-03-28 07:19:24	1	255	1	0
        6	2025-03-28 07:27:21	1	255	1	0
        6	2025-03-28 15:11:12	1	255	1	0
        4	2025-03-28 15:52:17	1	255	1	0
        9	2025-03-28 16:05:17	1	255	1	0
       14	2025-03-28 16:19:01	1	255	1	0
       12	2025-03-28 16:19:03	1	255	1	0
        5	2025-03-28 16:19:13	1	255	1	0
       11	2025-03-28 16:19:24	1	255	1	0
       14	2025-03-29 06:42:18	1	255	1	0
       12	2025-03-29 06:45:43	1	255	1	0
       11	2025-03-29 06:45:47	1	255	1	0
        4	2025-03-29 06:50:10	1	255	1	0
       14	2025-03-29 15:42:18	1	255	1	0
       12	2025-03-29 15:45:43	1	255	1	0
       11	2025-03-29 15:45:47	1	255	1	0
        4	2025-03-29 15:50:10	1	255	1	0
        9	2025-03-31 05:35:58	1	255	1	0
       14	2025-03-31 06:39:26	1	255	1	0
        5	2025-03-31 06:47:45	1	255	1	0
       11	2025-03-31 06:47:57	1	255	1	0
        4	2025-03-31 06:48:05	1	255	1	0
       12	2025-03-31 06:48:11	1	255	1	0
        6	2025-03-31 07:03:31	1	255	1	0
       11	2025-03-31 15:47:57	1	255	1	0
        9	2025-03-31 16:18:14	1	255	1	0
        5	2025-03-31 17:24:31	1	255	1	0
        4	2025-03-31 17:24:37	1	255	1	0
       12	2025-03-31 17:24:41	1	255	1	0
        6	2025-03-31 19:12:03	1	255	1	0
       14	2025-03-31 19:55:07	1	255	1	0