        8	2024-07-01 04:39:34	1	255	1	0
       14	2024-07-01 06:40:16	1	255	1	0
        5	2024-07-01 06:49:06	1	255	1	0
       12	2024-07-01 06:49:10	1	255	1	0
       11	2024-07-01 06:49:15	1	255	1	0
        4	2024-07-01 06:52:36	1	255	1	0
       15	2024-07-01 06:58:05	1	255	1	0
        6	2024-07-01 07:21:28	1	255	1	0
        9	2024-07-01 07:57:26	1	255	1	0
        7	2024-07-01 08:00:39	1	255	1	0
        5	2024-07-01 15:52:21	1	255	1	0
       14	2024-07-01 15:52:28	1	255	1	0
        4	2024-07-01 15:52:38	1	255	1	0
       12	2024-07-01 15:52:41	1	255	1	0
       11	2024-07-01 15:52:44	1	255	1	0
        9	2024-07-01 16:20:35	1	255	1	0
       15	2024-07-01 16:36:29	1	255	1	0
        8	2024-07-02 04:30:06	1	255	1	0
       14	2024-07-02 06:41:12	1	255	1	0
       12	2024-07-02 06:46:53	1	255	1	0
       11	2024-07-02 06:46:58	1	255	1	0
        5	2024-07-02 06:47:07	1	255	1	0
        4	2024-07-02 06:52:34	1	255	1	0
       15	2024-07-02 07:12:23	1	255	1	0
        6	2024-07-02 07:12:28	1	255	1	0
        7	2024-07-02 07:13:33	1	255	1	0
        9	2024-07-02 08:02:56	1	255	1	0
       14	2024-07-02 15:54:07	1	255	1	0
        4	2024-07-02 15:54:16	1	255	1	0
       11	2024-07-02 15:54:19	1	255	1	0
       12	2024-07-02 15:54:22	1	255	1	0
        9	2024-07-02 15:57:08	1	255	1	0
        8	2024-07-03 04:01:33	1	255	1	0
       14	2024-07-03 06:42:24	1	255	1	0
        4	2024-07-03 06:45:06	1	255	1	0
       12	2024-07-03 06:48:16	1	255	1	0
        5	2024-07-03 06:49:46	1	255	1	0
       11	2024-07-03 06:49:50	1	255	1	0
        6	2024-07-03 07:18:38	1	255	1	0
        7	2024-07-03 07:18:41	1	255	1	0
       15	2024-07-03 07:29:06	1	255	1	0
        9	2024-07-03 07:59:47	1	255	1	0
       14	2024-07-03 15:50:51	1	255	1	0
        9	2024-07-03 15:51:00	1	255	1	0
        4	2024-07-03 15:51:17	1	255	1	0
       15	2024-07-03 15:52:24	1	255	1	0
       12	2024-07-03 15:55:07	1	255	1	0
       11	2024-07-03 15:55:11	1	255	1	0
        5	2024-07-03 15:55:17	1	255	1	0
        8	2024-07-04 04:33:04	1	255	1	0
       14	2024-07-04 06:41:08	1	255	1	0
        4	2024-07-04 06:52:06	1	255	1	0
        5	2024-07-04 07:07:19	1	255	1	0
       11	2024-07-04 07:07:24	1	255	1	0
        7	2024-07-04 07:20:18	1	255	1	0
        6	2024-07-04 07:20:23	1	255	1	0
       15	2024-07-04 07:20:28	1	255	1	0
       14	2024-07-04 15:53:02	1	255	1	0
        4	2024-07-04 15:53:06	1	255	1	0
        5	2024-07-04 15:58:22	1	255	1	0
       11	2024-07-04 15:58:27	1	255	1	0
       12	2024-07-04 15:59:12	1	255	1	0
        9	2024-07-04 16:01:39	1	255	1	0
       15	2024-07-04 16:04:39	1	255	1	0
        8	2024-07-05 04:18:52	1	255	1	0
       11	2024-07-05 06:49:03	1	255	1	0
       12	2024-07-05 06:51:36	1	255	1	0
        5	2024-07-05 06:51:39	1	255	1	0
       14	2024-07-05 06:51:48	1	255	1	0
        4	2024-07-05 07:12:40	1	255	1	0
        6	2024-07-05 07:36:41	1	255	1	0
       15	2024-07-05 07:40:40	1	255	1	0
        9	2024-07-05 08:01:57	1	255	1	0
        8	2024-07-06 04:18:03	1	255	1	0
        8	2024-07-07 04:42:02	1	255	1	0
        8	2024-07-08 04:55:53	1	255	1	0
       14	2024-07-08 06:43:26	1	255	1	0
       11	2024-07-08 06:51:28	1	255	1	0
       12	2024-07-08 06:51:32	1	255	1	0
        5	2024-07-08 06:51:35	1	255	1	0
        4	2024-07-08 06:57:52	1	255	1	0
        6	2024-07-08 07:09:17	1	255	1	0
       15	2024-07-08 07:09:22	1	255	1	0
        7	2024-07-08 07:12:39	1	255	1	0
        9	2024-07-08 07:46:29	1	255	1	0
       12	2024-07-08 15:46:01	1	255	1	0
        4	2024-07-08 15:46:10	1	255	1	0
       11	2024-07-08 15:46:13	1	255	1	0
       14	2024-07-08 15:46:17	1	255	1	0
        5	2024-07-08 15:46:24	1	255	1	0
        6	2024-07-08 16:07:16	1	255	1	0
       15	2024-07-08 16:07:49	1	255	1	0
        9	2024-07-08 16:28:07	1	255	1	0
        8	2024-07-09 04:28:51	1	255	1	0
       14	2024-07-09 06:40:31	1	255	1	0
       12	2024-07-09 06:48:22	1	255	1	0
        5	2024-07-09 06:48:27	1	255	1	0
       11	2024-07-09 06:48:31	1	255	1	0
        4	2024-07-09 06:52:02	1	255	1	0
        9	2024-07-09 07:35:53	1	255	1	0
        7	2024-07-09 07:39:08	1	255	1	0
       15	2024-07-09 07:39:11	1	255	1	0
       15	2024-07-09 15:58:13	1	255	1	0
        5	2024-07-09 15:59:08	1	255	1	0
       14	2024-07-09 15:59:11	1	255	1	0
       12	2024-07-09 15:59:15	1	255	1	0
        4	2024-07-09 15:59:18	1	255	1	0
       11	2024-07-09 15:59:21	1	255	1	0
        9	2024-07-09 16:22:09	1	255	1	0
        8	2024-07-10 04:35:01	1	255	1	0
       14	2024-07-10 06:35:17	1	255	1	0
        4	2024-07-10 06:44:02	1	255	1	0
        5	2024-07-10 06:51:00	1	255	1	0
       12	2024-07-10 06:51:04	1	255	1	0
       11	2024-07-10 06:51:16	1	255	1	0
        7	2024-07-10 07:09:07	1	255	1	0
        6	2024-07-10 07:09:13	1	255	1	0
       15	2024-07-10 07:09:17	1	255	1	0
        9	2024-07-10 07:37:08	1	255	1	0
       15	2024-07-10 15:54:18	1	255	1	0
       11	2024-07-10 15:54:47	1	255	1	0
       14	2024-07-10 15:54:54	1	255	1	0
        9	2024-07-10 15:54:58	1	255	1	0
        4	2024-07-10 15:55:04	1	255	1	0
        5	2024-07-10 15:55:08	1	255	1	0
       12	2024-07-10 15:55:11	1	255	1	0
        8	2024-07-11 04:24:26	1	255	1	0
       14	2024-07-11 06:38:41	1	255	1	0
        4	2024-07-11 06:52:31	1	255	1	0
       12	2024-07-11 07:03:44	1	255	1	0
        5	2024-07-11 07:03:51	1	255	1	0
       11	2024-07-11 07:03:57	1	255	1	0
       11	2024-07-11 07:04:28	1	255	1	0
        9	2024-07-11 07:32:24	1	255	1	0
        6	2024-07-11 07:32:40	1	255	1	0
       15	2024-07-11 07:32:44	1	255	1	0
        7	2024-07-11 07:54:03	1	255	1	0
        7	2024-07-11 07:54:05	1	255	1	0
       14	2024-07-11 15:47:09	1	255	1	0
       11	2024-07-11 15:47:18	1	255	1	0
       12	2024-07-11 15:47:22	1	255	1	0
        5	2024-07-11 15:47:34	1	255	1	0
        6	2024-07-11 15:50:34	1	255	1	0
       15	2024-07-11 15:50:39	1	255	1	0
        8	2024-07-12 05:11:45	1	255	1	0
       14	2024-07-12 06:37:54	1	255	1	0
       12	2024-07-12 06:55:01	1	255	1	0
       11	2024-07-12 06:55:28	1	255	1	0
        5	2024-07-12 06:55:40	1	255	1	0
        6	2024-07-12 07:14:02	1	255	1	0
        7	2024-07-12 07:14:56	1	255	1	0
       15	2024-07-12 07:24:49	1	255	1	0
        4	2024-07-12 07:32:26	1	255	1	0
        9	2024-07-12 07:38:36	1	255	1	0
        4	2024-07-12 15:46:57	1	255	1	0
       14	2024-07-12 15:47:01	1	255	1	0
       15	2024-07-12 15:52:18	1	255	1	0
       11	2024-07-12 15:52:57	1	255	1	0
       12	2024-07-12 15:53:00	1	255	1	0
        5	2024-07-12 15:53:08	1	255	1	0
        9	2024-07-12 16:33:35	1	255	1	0
        8	2024-07-13 04:35:45	1	255	1	0
       15	2024-07-13 09:39:30	1	255	1	0
        8	2024-07-14 05:07:57	1	255	1	0
        8	2024-07-15 03:35:29	1	255	1	0
       12	2024-07-15 06:47:45	1	255	1	0
        5	2024-07-15 06:47:50	1	255	1	0
       11	2024-07-15 06:47:55	1	255	1	0
        6	2024-07-15 07:29:49	1	255	1	0
       14	2024-07-15 08:43:56	1	255	1	0
        7	2024-07-15 11:26:36	1	255	1	0
        5	2024-07-15 16:29:41	1	255	1	0
       12	2024-07-15 16:29:45	1	255	1	0
       14	2024-07-15 16:30:45	1	255	1	0
        6	2024-07-15 16:42:16	1	255	1	0
        9	2024-07-15 17:06:10	1	255	1	0
        8	2024-07-16 04:00:20	1	255	1	0
       14	2024-07-16 06:40:00	1	255	1	0
       12	2024-07-16 06:49:23	1	255	1	0
       11	2024-07-16 06:49:28	1	255	1	0
        5	2024-07-16 06:49:32	1	255	1	0
        6	2024-07-16 07:10:49	1	255	1	0
       15	2024-07-16 07:10:56	1	255	1	0
        7	2024-07-16 07:11:21	1	255	1	0
        9	2024-07-16 07:33:59	1	255	1	0
       15	2024-07-16 15:53:07	1	255	1	0
        6	2024-07-16 15:53:58	1	255	1	0
       14	2024-07-16 15:54:34	1	255	1	0
       12	2024-07-16 15:54:41	1	255	1	0
        5	2024-07-16 15:54:44	1	255	1	0
        9	2024-07-16 16:22:26	1	255	1	0
        8	2024-07-17 04:27:44	1	255	1	0
       14	2024-07-17 06:36:32	1	255	1	0
       12	2024-07-17 06:57:17	1	255	1	0
       11	2024-07-17 06:57:21	1	255	1	0
        5	2024-07-17 06:57:24	1	255	1	0
       11	2024-07-17 07:03:41	1	255	1	0
       15	2024-07-17 08:06:42	1	255	1	0
        6	2024-07-17 08:21:59	1	255	1	0
       11	2024-07-17 16:02:49	1	255	1	0
       14	2024-07-17 16:02:52	1	255	1	0
       12	2024-07-17 16:02:56	1	255	1	0
        9	2024-07-17 16:19:57	1	255	1	0
       15	2024-07-17 16:31:58	1	255	1	0
        8	2024-07-18 03:59:22	1	255	1	0
        5	2024-07-18 06:46:40	1	255	1	0
       14	2024-07-18 06:46:46	1	255	1	0
       11	2024-07-18 06:46:50	1	255	1	0
       15	2024-07-18 07:54:48	1	255	1	0
        9	2024-07-18 07:56:45	1	255	1	0
        6	2024-07-18 08:39:48	1	255	1	0
        7	2024-07-18 13:09:44	1	255	1	0
        9	2024-07-18 15:51:50	1	255	1	0
       14	2024-07-18 15:55:09	1	255	1	0
       12	2024-07-18 15:59:41	1	255	1	0
       11	2024-07-18 15:59:43	1	255	1	0
        5	2024-07-18 15:59:47	1	255	1	0
       15	2024-07-18 16:19:02	1	255	1	0
        8	2024-07-19 04:20:55	1	255	1	0
       14	2024-07-19 06:38:56	1	255	1	0
       12	2024-07-19 06:44:37	1	255	1	0
        5	2024-07-19 06:44:42	1	255	1	0
       11	2024-07-19 06:45:00	1	255	1	0
       11	2024-07-19 06:48:46	1	255	1	0
       15	2024-07-19 07:11:45	1	255	1	0
        7	2024-07-19 07:11:52	1	255	1	0
        9	2024-07-19 07:32:57	1	255	1	0
       11	2024-07-19 15:58:02	1	255	1	0
       14	2024-07-19 15:58:12	1	255	1	0
       12	2024-07-19 15:59:01	1	255	1	0
        5	2024-07-19 15:59:08	1	255	1	0
       15	2024-07-19 16:06:09	1	255	1	0
        9	2024-07-19 18:00:30	1	255	1	0
        8	2024-07-20 04:14:32	1	255	1	0
       15	2024-07-20 08:47:07	1	255	1	0
        8	2024-07-21 04:57:27	1	255	1	0
        8	2024-07-22 05:13:01	1	255	1	0
       14	2024-07-22 06:39:20	1	255	1	0
       11	2024-07-22 06:51:07	1	255	1	0
       12	2024-07-22 06:51:29	1	255	1	0
        5	2024-07-22 06:51:33	1	255	1	0
        6	2024-07-22 07:14:20	1	255	1	0
        7	2024-07-22 07:21:11	1	255	1	0
       15	2024-07-22 07:21:38	1	255	1	0
       15	2024-07-22 07:22:18	1	255	1	0
        9	2024-07-22 07:54:02	1	255	1	0
       14	2024-07-22 15:59:27	1	255	1	0
       12	2024-07-22 15:59:38	1	255	1	0
       11	2024-07-22 15:59:45	1	255	1	0
        5	2024-07-22 15:59:49	1	255	1	0
       12	2024-07-22 15:59:56	1	255	1	0
       15	2024-07-22 16:01:18	1	255	1	0
        9	2024-07-22 16:06:24	1	255	1	0
        8	2024-07-23 04:43:33	1	255	1	0
       12	2024-07-23 06:46:34	1	255	1	0
        5	2024-07-23 06:46:42	1	255	1	0
        7	2024-07-23 07:12:14	1	255	1	0
        6	2024-07-23 07:12:20	1	255	1	0
       15	2024-07-23 07:12:24	1	255	1	0
        9	2024-07-23 07:58:02	1	255	1	0
        6	2024-07-23 16:10:47	1	255	1	0
       15	2024-07-23 16:12:53	1	255	1	0
       12	2024-07-23 16:15:31	1	255	1	0
        5	2024-07-23 16:15:36	1	255	1	0
        9	2024-07-23 16:29:27	1	255	1	0
        8	2024-07-24 04:38:11	1	255	1	0
       12	2000-01-01 01:10:27	1	255	1	0
        5	2000-01-01 01:10:37	1	255	1	0
       14	2000-01-01 01:10:43	1	255	1	0
       11	2000-01-01 01:18:49	1	255	1	0
        7	2000-01-01 02:08:49	1	255	1	0
        7	2024-07-24 07:48:42	1	255	1	0
        6	2024-07-24 07:48:57	1	255	1	0
        9	2024-07-24 08:04:14	1	255	1	0
        9	2024-07-24 15:58:25	1	255	1	0
        5	2024-07-24 15:59:32	1	255	1	0
       14	2024-07-24 15:59:35	1	255	1	0
       11	2024-07-24 15:59:39	1	255	1	0
       12	2024-07-24 15:59:42	1	255	1	0
        8	2024-07-25 04:59:33	1	255	1	0
       14	2024-07-25 06:41:32	1	255	1	0
       12	2024-07-25 06:47:37	1	255	1	0
        5	2024-07-25 06:47:41	1	255	1	0
       11	2024-07-25 06:47:45	1	255	1	0
        7	2024-07-25 07:12:28	1	255	1	0
       15	2024-07-25 07:12:32	1	255	1	0
        6	2024-07-25 07:12:36	1	255	1	0
        9	2024-07-25 07:46:22	1	255	1	0
        5	2024-07-25 15:52:37	1	255	1	0
       11	2024-07-25 15:52:41	1	255	1	0
       12	2024-07-25 15:52:44	1	255	1	0
       15	2024-07-25 15:52:47	1	255	1	0
        8	2024-07-26 04:41:43	1	255	1	0
       14	2024-07-26 06:40:11	1	255	1	0
        7	2024-07-26 07:09:05	1	255	1	0
        5	2024-07-26 07:09:10	1	255	1	0
       11	2024-07-26 07:10:32	1	255	1	0
       15	2024-07-26 07:19:50	1	255	1	0
        9	2024-07-26 07:56:58	1	255	1	0
        8	2024-07-27 04:46:34	1	255	1	0
        8	2024-07-28 04:34:13	1	255	1	0
        8	2024-07-29 04:33:40	1	255	1	0
       14	2024-07-29 06:41:53	1	255	1	0
        5	2024-07-29 07:08:07	1	255	1	0
        6	2024-07-29 07:09:18	1	255	1	0
       15	2024-07-29 07:18:28	1	255	1	0
        4	2024-07-29 07:58:30	1	255	1	0
        9	2024-07-29 08:02:49	1	255	1	0
        5	2024-07-29 15:38:35	1	255	1	0
        4	2024-07-29 15:41:22	1	255	1	0
       14	2024-07-29 15:49:48	1	255	1	0
        9	2024-07-29 15:58:12	1	255	1	0
       15	2024-07-29 16:36:17	1	255	1	0
        8	2024-07-30 04:49:39	1	255	1	0
       14	2024-07-30 06:38:35	1	255	1	0
        5	2024-07-30 07:07:55	1	255	1	0
       11	2024-07-30 07:07:59	1	255	1	0
        7	2024-07-30 07:08:17	1	255	1	0
        6	2024-07-30 07:08:23	1	255	1	0
       15	2024-07-30 07:21:59	1	255	1	0
        4	2024-07-30 07:49:03	1	255	1	0
        9	2024-07-30 07:57:34	1	255	1	0
       15	2024-07-30 16:00:00	1	255	1	0
       14	2024-07-30 15:51:10	1	255	1	0
        4	2024-07-30 15:51:16	1	255	1	0
        5	2024-07-30 15:52:00	1	255	1	0
       11	2024-07-30 15:52:03	1	255	1	0
        9	2024-07-30 16:15:51	1	255	1	0
        8	2024-07-31 04:31:34	1	255	1	0
       14	2024-07-31 06:40:14	1	255	1	0
        4	2024-07-31 07:01:40	1	255	1	0
        7	2024-07-31 07:16:57	1	255	1	0
       11	2024-07-31 07:17:20	1	255	1	0
       15	2024-07-31 07:25:01	1	255	1	0
        6	2024-07-31 08:19:20	1	255	1	0
        9	2024-07-31 08:20:01	1	255	1	0
       14	2024-07-31 15:49:54	1	255	1	0
        4	2024-07-31 15:50:01	1	255	1	0
       15	2024-07-31 15:58:19	1	255	1	0
       11	2024-07-31 16:09:51	1	255	1	0
        9	2024-07-31 16:11:44	1	255	1	0
        4	2024-07-05 17:00:01	1	255	1	0
        4	2024-07-11 16:02:29	1	255	1	0
        4	2024-07-28 07:00:01	1	255	1	0
        4	2024-07-28 15:00:02	1	255	1	0
        5	2024-07-02 17:00:11	1	255	1	0
        5	2024-07-05 16:57:59	1	255	1	0
        5	2024-07-17 16:05:25	1	255	1	0
        5	2024-07-24 06:41:21	1	255	1	0
        5	2024-07-26 16:23:19	1	255	1	0
        9	2024-07-04 07:10:29	1	255	1	0
        9	2024-07-05 18:39:39	1	255	1	0
        9	2024-07-11 18:11:20	1	255	1	0
        9	2024-07-15 07:05:51	1	255	1	0
        9	2024-07-17 07:06:44	1	255	1	0
        9	2024-07-25 19:02:12	1	255	1	0
        9	2024-07-26 18:00:21	1	255	1	0
       11	2024-07-05 17:09:51	1	255	1	0
       11	2024-07-15 17:49:23	1	255	1	0
       11	2024-07-16 17:22:22	1	255	1	0
       11	2024-07-24 18:21:51	1	255	1	0
       11	2024-07-26 17:53:28	1	255	1	0
       11	2024-07-23 07:00:00	1	255	1	0
       11	2024-07-23 18:00:00	1	255	1	0
       12	2024-07-04 06:41:00	1	255	1	0
       12	2024-07-05 17:59:29	1	255	1	0
       12	2024-07-18 06:42:07	1	255	1	0
       12	2024-07-24 06:37:21	1	255	1	0
       14	2024-07-05 17:23:19	1	255	1	0
       14	2024-07-24 06:33:12	1	255	1	0
       14	2024-07-25 17:44:29	1	255	1	0
       14	2024-07-26 16:49:36	1	255	1	0
       14	2024-07-23 07:00:00	1	255	1	0
       14	2024-07-23 18:00:00	1	255	1	0
       15	2024-07-02 18:41:01	1	255	1	0
       15	2024-07-05 17:01:22	1	255	1	0
       15	2024-07-13 16:30:49	1	255	1	0
       15	2024-07-20 16:41:17	1	255	1	0
       15	2024-07-26 16:45:28	1	255	1	0
        6	2024-07-01 18:39:21	1	255	1	0
        6	2024-07-02 17:29:39	1	255	1	0
        6	2024-07-03 17:01:45	1	255	1	0
        6	2024-07-04 17:21:00	1	255	1	0
        6	2024-07-05 17:45:29	1	255	1	0
        6	2024-07-10 17:39:57	1	255	1	0
        6	2024-07-12 18:32:53	1	255	1	0
        6	2024-07-17 19:38:42	1	255	1	0
        6	2024-07-18 18:47:36	1	255	1	0
        6	2024-07-22 17:51:32	1	255	1	0
        6	2024-07-24 16:54:29	1	255	1	0
        6	2024-07-25 16:04:21	1	255	1	0
        6	2024-07-29 16:09:31	1	255	1	0
        6	2024-07-30 17:41:47	1	255	1	0
        6	2024-07-31 17:43:59	1	255	1	0
        6	2024-07-09 07:00:00	1	255	1	0
        6	2024-07-09 19:00:00	1	255	1	0
        6	2024-07-19 07:00:00	1	255	1	0
        6	2024-07-19 19:00:00	1	255	1	0
        6	2024-07-26 07:00:00	1	255	1	0
        6	2024-07-26 19:00:00	1	255	1	0
