        4	2026-03-01 07:20:40	1	255	1	0
        5	2026-03-01 07:20:45	1	255	1	0
        4	2026-03-02 06:46:32	1	255	1	0
       12	2026-03-02 06:52:40	1	255	1	0
        5	2026-03-02 06:52:47	1	255	1	0
       11	2026-03-02 06:54:12	1	255	1	0
       21	2026-03-02 06:54:46	1	255	1	0
        9	2026-03-02 07:16:11	1	255	1	0
       22	2026-03-02 07:16:20	1	255	1	0
        7	2026-03-02 09:06:10	1	255	1	0
        9	2026-03-02 15:55:55	1	255	1	0
       22	2026-03-02 15:56:04	1	255	1	0
       21	2026-03-02 16:00:31	1	255	1	0
       12	2026-03-02 16:00:45	1	255	1	0
       11	2026-03-02 16:00:48	1	255	1	0
        4	2026-03-02 16:00:59	1	255	1	0
        5	2026-03-02 16:01:12	1	255	1	0
        4	2026-03-03 06:48:36	1	255	1	0
        5	2026-03-03 06:56:54	1	255	1	0
       12	2026-03-03 06:56:58	1	255	1	0
       21	2026-03-03 06:57:52	1	255	1	0
       11	2026-03-03 06:58:11	1	255	1	0
       22	2026-03-03 07:16:45	1	255	1	0
        9	2026-03-03 07:38:15	1	255	1	0
        7	2026-03-03 08:27:19	1	255	1	0
        9	2026-03-03 15:53:28	1	255	1	0
        4	2026-03-03 15:59:51	1	255	1	0
       21	2026-03-03 16:00:13	1	255	1	0
       12	2026-03-03 16:00:17	1	255	1	0
       11	2026-03-03 16:00:21	1	255	1	0
        5	2026-03-03 16:00:58	1	255	1	0
        4	2026-03-04 06:48:54	1	255	1	0
       12	2026-03-04 06:52:53	1	255	1	0
        5	2026-03-04 06:52:58	1	255	1	0
       11	2026-03-04 06:53:06	1	255	1	0
       21	2026-03-04 06:54:23	1	255	1	0
       22	2026-03-04 07:15:51	1	255	1	0
        9	2026-03-04 07:38:00	1	255	1	0
        7	2026-03-04 08:37:50	1	255	1	0
       12	2026-03-04 15:12:51	1	255	1	0
        9	2026-03-04 15:54:39	1	255	1	0
       22	2026-03-04 15:54:44	1	255	1	0
       21	2026-03-04 16:01:07	1	255	1	0
       11	2026-03-04 16:01:12	1	255	1	0
        5	2026-03-04 16:03:26	1	255	1	0
       12	2026-03-05 06:52:25	1	255	1	0
        5	2026-03-05 06:52:31	1	255	1	0
       21	2026-03-05 06:55:02	1	255	1	0
       11	2026-03-05 06:55:09	1	255	1	0
        4	2026-03-05 06:58:00	1	255	1	0
        9	2026-03-05 07:23:56	1	255	1	0
       22	2026-03-05 07:24:02	1	255	1	0
        7	2026-03-05 08:33:49	1	255	1	0
        9	2026-03-05 15:57:30	1	255	1	0
        4	2026-03-05 16:06:45	1	255	1	0
       11	2026-03-05 16:13:17	1	255	1	0
       12	2026-03-05 16:13:22	1	255	1	0
       22	2026-03-05 16:47:30	1	255	1	0
        4	2026-03-05 17:50:00	1	255	1	0
       12	2026-03-06 06:51:35	1	255	1	0
        5	2026-03-06 06:51:39	1	255	1	0
       11	2026-03-06 06:52:03	1	255	1	0
       21	2026-03-06 06:52:49	1	255	1	0
        4	2026-03-06 06:53:54	1	255	1	0
        9	2026-03-06 07:20:49	1	255	1	0
       22	2026-03-06 07:20:54	1	255	1	0
        7	2026-03-06 08:28:14	1	255	1	0
        4	2026-03-06 16:21:51	1	255	1	0
        9	2026-03-06 16:46:47	1	255	1	0
       22	2026-03-06 16:46:52	1	255	1	0
       21	2026-03-06 16:53:38	1	255	1	0
       12	2026-03-06 16:54:10	1	255	1	0
       11	2026-03-06 16:54:32	1	255	1	0
        5	2026-03-06 16:54:40	1	255	1	0
       11	2026-03-07 06:57:52	1	255	1	0
        5	2026-03-07 06:57:59	1	255	1	0
        5	2026-03-07 15:32:22	1	255	1	0
       11	2026-03-07 15:32:28	1	255	1	0
        5	2026-03-10 06:51:30	1	255	1	0
        4	2026-03-10 06:51:37	1	255	1	0
       12	2026-03-10 06:51:44	1	255	1	0
       11	2026-03-10 06:52:00	1	255	1	0
       21	2026-03-10 06:53:11	1	255	1	0
       11	2026-03-10 16:05:53	1	255	1	0
       22	2026-03-10 07:26:29	1	255	1	0
        7	2026-03-10 09:00:38	1	255	1	0
        9	2026-03-10 07:58:00	1	255	1	0
        9	2026-03-10 15:59:59	1	255	1	0
       22	2026-03-10 15:59:47	1	255	1	0
       12	2026-03-10 16:03:53	1	255	1	0
        4	2026-03-10 16:04:02	1	255	1	0
       12	2026-03-11 06:50:17	1	255	1	0
        5	2026-03-11 06:50:25	1	255	1	0
       21	2026-03-11 06:51:23	1	255	1	0
       22	2026-03-11 07:20:30	1	255	1	0
        7	2026-03-11 08:35:21	1	255	1	0
       21	2026-03-11 15:49:30	1	255	1	0
       12	2026-03-11 15:55:04	1	255	1	0
       11	2026-03-11 15:55:13	1	255	1	0
        4	2026-03-11 15:55:17	1	255	1	0
       22	2026-03-11 15:55:26	1	255	1	0
        9	2026-03-11 15:55:37	1	255	1	0
       12	2026-03-12 06:51:24	1	255	1	0
        5	2026-03-12 06:51:43	1	255	1	0
       22	2026-03-12 07:20:38	1	255	1	0
        7	2026-03-12 08:36:52	1	255	1	0
       22	2026-03-12 15:56:34	1	255	1	0
       21	2026-03-12 16:12:04	1	255	1	0
        4	2026-03-12 16:15:53	1	255	1	0
       12	2026-03-12 16:16:03	1	255	1	0
        5	2026-03-12 16:16:06	1	255	1	0
       11	2026-03-12 16:16:22	1	255	1	0
       12	2026-03-13 06:50:12	1	255	1	0
        4	2026-03-13 06:50:21	1	255	1	0
       21	2026-03-13 06:50:28	1	255	1	0
        9	2026-03-13 07:17:51	1	255	1	0
       22	2026-03-13 07:17:55	1	255	1	0
        7	2026-03-13 08:32:58	1	255	1	0
       11	2026-03-13 15:51:01	1	255	1	0
       12	2026-03-13 15:51:05	1	255	1	0
       21	2026-03-13 15:51:13	1	255	1	0
        4	2026-03-13 15:51:24	1	255	1	0
       22	2026-03-13 15:53:03	1	255	1	0
        9	2026-03-13 15:53:10	1	255	1	0
        4	2026-03-16 06:44:22	1	255	1	0
       12	2026-03-16 06:49:45	1	255	1	0
        5	2026-03-16 06:49:52	1	255	1	0
       21	2026-03-16 06:50:02	1	255	1	0
       11	2026-03-16 06:50:28	1	255	1	0
       22	2026-03-16 07:20:57	1	255	1	0
        9	2026-03-16 07:21:03	1	255	1	0
        9	2026-03-16 15:57:19	1	255	1	0
       22	2026-03-16 15:57:25	1	255	1	0
       21	2026-03-16 15:57:47	1	255	1	0
        4	2026-03-16 15:58:32	1	255	1	0
       11	2026-03-16 15:58:50	1	255	1	0
       12	2026-03-16 15:58:53	1	255	1	0
        5	2026-03-16 15:58:57	1	255	1	0
        4	2026-03-17 06:39:05	1	255	1	0
       12	2026-03-17 06:51:18	1	255	1	0
       11	2026-03-17 06:51:26	1	255	1	0
        5	2026-03-17 06:51:30	1	255	1	0
       21	2026-03-17 06:51:35	1	255	1	0
        9	2026-03-17 07:20:35	1	255	1	0
       22	2026-03-17 07:20:39	1	255	1	0
        5	2026-03-17 15:54:48	1	255	1	0
       22	2026-03-17 15:55:00	1	255	1	0
        9	2026-03-17 15:55:16	1	255	1	0
        4	2026-03-17 15:55:27	1	255	1	0
       12	2026-03-17 15:55:30	1	255	1	0
       21	2026-03-17 15:55:33	1	255	1	0
       11	2026-03-17 15:55:36	1	255	1	0
        4	2026-03-18 06:41:12	1	255	1	0
       12	2026-03-18 06:47:52	1	255	1	0
       21	2026-03-18 06:47:57	1	255	1	0
        5	2026-03-18 06:48:02	1	255	1	0
       11	2026-03-18 06:50:11	1	255	1	0
        9	2026-03-18 07:26:30	1	255	1	0
       22	2026-03-18 07:26:38	1	255	1	0
        9	2026-03-18 15:59:04	1	255	1	0
       22	2026-03-18 15:59:08	1	255	1	0
       12	2026-03-18 16:00:34	1	255	1	0
       11	2026-03-18 16:00:45	1	255	1	0
        4	2026-03-18 16:00:50	1	255	1	0
       21	2026-03-18 16:00:56	1	255	1	0
        5	2026-03-18 16:01:10	1	255	1	0
        5	2026-03-19 06:49:00	1	255	1	0
       11	2026-03-19 06:49:17	1	255	1	0
       12	2026-03-19 06:49:21	1	255	1	0
        4	2026-03-19 06:49:25	1	255	1	0
       21	2026-03-19 06:51:15	1	255	1	0
        9	2026-03-19 07:32:58	1	255	1	0
       22	2026-03-19 07:33:02	1	255	1	0
       12	2026-03-19 15:58:09	1	255	1	0
       11	2026-03-19 15:58:12	1	255	1	0
        4	2026-03-19 15:58:17	1	255	1	0
        5	2026-03-19 15:58:22	1	255	1	0
       21	2026-03-19 15:58:27	1	255	1	0
       22	2026-03-19 15:59:31	1	255	1	0
        9	2026-03-19 15:59:58	1	255	1	0
        4	2026-03-20 06:40:14	1	255	1	0
       12	2026-03-20 06:48:48	1	255	1	0
        5	2026-03-20 06:48:52	1	255	1	0
       11	2026-03-20 06:48:59	1	255	1	0
       21	2026-03-20 06:50:10	1	255	1	0
        9	2026-03-20 07:14:39	1	255	1	0
       22	2026-03-20 07:14:44	1	255	1	0
       12	2026-03-20 15:54:45	1	255	1	0
        4	2026-03-20 15:54:55	1	255	1	0
       21	2026-03-20 15:54:59	1	255	1	0
       11	2026-03-20 15:55:04	1	255	1	0
        5	2026-03-20 15:55:08	1	255	1	0
       22	2026-03-20 15:56:16	1	255	1	0
        9	2026-03-20 15:56:25	1	255	1	0
        5	2026-03-23 06:58:37	1	255	1	0
        4	2026-03-23 06:58:46	1	255	1	0
       21	2026-03-23 06:58:51	1	255	1	0
       11	2026-03-23 07:00:34	1	255	1	0
        9	2026-03-23 07:27:51	1	255	1	0
       22	2026-03-23 07:27:55	1	255	1	0
       22	2026-03-23 15:59:19	1	255	1	0
        9	2026-03-23 15:59:30	1	255	1	0
        4	2026-03-23 16:03:39	1	255	1	0
       21	2026-03-23 16:04:12	1	255	1	0
       11	2026-03-23 16:08:16	1	255	1	0
        5	2026-03-23 16:08:25	1	255	1	0
        5	2026-03-24 06:56:03	1	255	1	0
        4	2026-03-24 06:56:30	1	255	1	0
       21	2026-03-24 06:56:38	1	255	1	0
       11	2026-03-24 06:57:36	1	255	1	0
        9	2026-03-24 07:22:30	1	255	1	0
       22	2026-03-24 07:22:35	1	255	1	0
        9	2026-03-24 16:04:53	1	255	1	0
       22	2026-03-24 16:05:37	1	255	1	0
       21	2026-03-24 16:09:47	1	255	1	0
       11	2026-03-24 16:13:50	1	255	1	0
        5	2026-03-24 16:13:53	1	255	1	0
        4	2026-03-24 16:14:09	1	255	1	0
        5	2026-03-25 06:52:01	1	255	1	0
       11	2026-03-25 06:52:10	1	255	1	0
        4	2026-03-25 06:52:16	1	255	1	0
       21	2026-03-25 06:53:33	1	255	1	0
        9	2026-03-25 07:17:38	1	255	1	0
       22	2026-03-25 07:17:42	1	255	1	0
       22	2026-03-25 15:59:19	1	255	1	0
        9	2026-03-25 15:59:30	1	255	1	0
        4	2026-03-25 16:11:38	1	255	1	0
       11	2026-03-25 16:11:43	1	255	1	0
        5	2026-03-25 16:11:52	1	255	1	0
        5	2026-03-26 06:54:50	1	255	1	0
       11	2026-03-26 06:55:01	1	255	1	0
        4	2026-03-26 06:55:05	1	255	1	0
       21	2026-03-26 06:55:59	1	255	1	0
       22	2026-03-26 07:15:38	1	255	1	0
        9	2026-03-26 07:35:26	1	255	1	0
        9	2026-03-26 16:00:15	1	255	1	0
       22	2026-03-26 16:00:19	1	255	1	0
       21	2026-03-26 16:00:22	1	255	1	0
        4	2026-03-26 16:00:32	1	255	1	0
       11	2026-03-26 16:00:37	1	255	1	0
        5	2026-03-26 16:01:03	1	255	1	0
        4	2026-03-27 06:58:01	1	255	1	0
       21	2026-03-27 06:58:32	1	255	1	0
        5	2026-03-27 06:58:43	1	255	1	0
        9	2026-03-27 07:22:23	1	255	1	0
       22	2026-03-27 07:22:27	1	255	1	0
       11	2026-03-27 15:47:23	1	255	1	0
       21	2026-03-27 15:47:31	1	255	1	0
        9	2026-03-27 16:01:04	1	255	1	0
       22	2026-03-27 16:01:11	1	255	1	0
       12	2026-03-30 06:48:09	1	255	1	0
       21	2026-03-30 06:49:42	1	255	1	0
       22	2026-03-30 07:22:53	1	255	1	0
        9	2026-03-30 07:22:58	1	255	1	0
        7	2026-03-30 08:32:43	1	255	1	0
        4	2026-03-30 15:33:17	1	255	1	0
       11	2026-03-30 15:56:37	1	255	1	0
       21	2026-03-30 15:56:40	1	255	1	0
       12	2026-03-30 15:56:43	1	255	1	0
       22	2026-03-30 15:56:46	1	255	1	0
        9	2026-03-30 15:56:54	1	255	1	0
        5	2026-03-30 15:57:03	1	255	1	0
       12	2026-03-31 06:47:09	1	255	1	0
        5	2026-03-31 06:47:23	1	255	1	0
       21	2026-03-31 06:49:35	1	255	1	0
        9	2026-03-31 07:15:00	1	255	1	0
       22	2026-03-31 07:15:13	1	255	1	0
        7	2026-03-31 08:25:05	1	255	1	0
       21	2026-03-31 16:00:18	1	255	1	0
        9	2026-03-31 16:00:28	1	255	1	0
       22	2026-03-31 16:00:31	1	255	1	0
        4	2026-03-31 16:00:40	1	255	1	0
       11	2026-03-31 16:00:45	1	255	1	0
        5	2026-03-31 16:00:57	1	255	1	0
       12	2026-03-31 16:01:15	1	255	1	0
        4	2026-03-01 16:01:23	1	255	1	0
        4	2026-03-04 16:05:03	1	255	1	0
        4	2026-03-11 06:55:23	1	255	1	0
        4	2026-03-12 06:49:03	1	255	1	0
        4	2026-03-27 16:06:00	1	255	1	0
        4	2026-03-30 06:44:55	1	255	1	0
        4	2026-03-31 06:59:17	1	255	1	0
        5	2026-03-01 16:04:12	1	255	1	0
        5	2026-03-05 16:10:11	1	255	1	0
        5	2026-03-10 16:12:00	1	255	1	0
        5	2026-03-11 16:03:04	1	255	1	0
        5	2026-03-27 16:03:37	1	255	1	0
        5	2026-03-30 06:48:12	1	255	1	0
        5	2026-03-13 06:49:03	1	255	1	0
        5	2026-03-13 16:01:03	1	255	1	0
        9	2026-03-11 07:00:18	1	255	1	0
        9	2026-03-12 07:05:13	1	255	1	0
        9	2026-03-12 16:05:09	1	255	1	0
       11	2026-03-11 06:52:10	1	255	1	0
       11	2026-03-12 06:51:25	1	255	1	0
       11	2026-03-13 06:49:33	1	255	1	0
       11	2026-03-27 06:48:12	1	255	1	0
       11	2026-03-30 06:55:50	1	255	1	0
       11	2026-03-31 06:59:59	1	255	1	0
       21	2026-03-06 16:01:40	1	255	1	0
       21	2026-03-10 15:59:49	1	255	1	0
       21	2026-03-12 06:55:12	1	255	1	0
       21	2026-03-25 16:02:00	1	255	1	0
       21	2026-03-05 16:02:00	1	255	1	0
       22	2026-03-03 16:01:22	1	255	1	0
