        4	2025-08-01 06:48:25	1	255	1	0
       12	2025-08-01 06:48:29	1	255	1	0
        5	2025-08-01 06:48:32	1	255	1	0
       11	2025-08-01 06:48:48	1	255	1	0
       14	2025-08-01 07:06:39	1	255	1	0
        9	2025-08-01 08:00:44	1	255	1	0
        7	2025-08-01 08:37:29	1	255	1	0
       15	2025-08-01 08:37:36	1	255	1	0
        6	2025-08-01 08:17:43	1	255	1	0
        5	2025-08-01 15:48:40	1	255	1	0
       14	2025-08-01 15:48:44	1	255	1	0
        4	2025-08-01 15:48:54	1	255	1	0
       11	2025-08-01 15:48:59	1	255	1	0
        9	2025-08-01 16:49:37	1	255	1	0
        6	2025-08-01 16:20:59	1	255	1	0
        9	2025-08-04 06:18:06	1	255	1	0
       12	2025-08-04 06:56:31	1	255	1	0
        5	2025-08-04 06:56:35	1	255	1	0
       11	2025-08-04 06:56:40	1	255	1	0
        4	2025-08-04 06:59:55	1	255	1	0
        5	2025-08-04 07:00:00	1	255	1	0
       14	2025-08-04 07:05:29	1	255	1	0
       11	2025-08-04 07:07:54	1	255	1	0
       15	2025-08-04 08:01:30	1	255	1	0
       12	2025-08-04 16:03:43	1	255	1	0
        5	2025-08-04 16:03:47	1	255	1	0
        4	2025-08-04 16:03:50	1	255	1	0
       11	2025-08-04 16:03:55	1	255	1	0
       15	2025-08-04 16:46:52	1	255	1	0
        4	2025-08-05 06:52:49	1	255	1	0
       12	2025-08-05 07:01:14	1	255	1	0
        5	2025-08-05 07:01:18	1	255	1	0
       11	2025-08-05 07:01:24	1	255	1	0
       11	2025-08-05 17:02:24	1	255	1	0
        9	2025-08-05 08:02:06	1	255	1	0
       15	2025-08-05 08:27:09	1	255	1	0
        7	2025-08-05 08:27:15	1	255	1	0
        9	2025-08-05 16:24:56	1	255	1	0
        4	2025-08-05 16:15:48	1	255	1	0
       12	2025-08-05 16:15:52	1	255	1	0
       15	2025-08-05 16:51:54	1	255	1	0
       12	2025-08-06 06:48:38	1	255	1	0
       11	2025-08-06 06:48:45	1	255	1	0
        4	2025-08-06 06:50:51	1	255	1	0
       15	2025-08-06 07:31:56	1	255	1	0
        7	2025-08-06 08:18:44	1	255	1	0
        9	2025-08-06 08:00:33	1	255	1	0
       11	2025-08-06 15:57:50	1	255	1	0
        4	2025-08-06 15:57:54	1	255	1	0
       12	2025-08-06 15:57:58	1	255	1	0
        9	2025-08-06 16:20:23	1	255	1	0
       15	2025-08-06 18:09:40	1	255	1	0
        4	2025-08-07 06:55:20	1	255	1	0
       11	2025-08-07 06:58:19	1	255	1	0
       12	2025-08-07 06:58:23	1	255	1	0
       14	2025-08-07 07:06:39	1	255	1	0
       15	2025-08-07 07:39:17	1	255	1	0
        7	2025-08-07 07:54:23	1	255	1	0
        9	2025-08-07 08:21:05	1	255	1	0
       14	2025-08-07 16:07:08	1	255	1	0
        4	2025-08-07 16:15:09	1	255	1	0
       12	2025-08-07 16:15:12	1	255	1	0
        9	2025-08-07 16:33:01	1	255	1	0
       11	2025-08-07 16:42:05	1	255	1	0
       12	2025-08-08 06:48:11	1	255	1	0
        4	2025-08-08 06:48:16	1	255	1	0
       11	2025-08-08 06:48:33	1	255	1	0
       14	2025-08-08 07:06:28	1	255	1	0
        9	2025-08-08 07:45:40	1	255	1	0
        9	2025-08-08 07:48:29	1	255	1	0
       15	2025-08-08 08:19:03	1	255	1	0
       15	2025-08-08 17:18:13	1	255	1	0
       11	2025-08-08 16:40:07	1	255	1	0
       14	2025-08-08 16:40:12	1	255	1	0
       12	2025-08-08 16:40:16	1	255	1	0
        4	2025-08-08 16:40:20	1	255	1	0
        9	2025-08-08 16:46:11	1	255	1	0
       12	2025-08-11 06:46:28	1	255	1	0
        5	2025-08-11 06:46:31	1	255	1	0
       11	2025-08-11 06:46:36	1	255	1	0
        7	2025-08-11 08:10:12	1	255	1	0
       11	2025-08-11 16:13:40	1	255	1	0
       12	2025-08-11 16:13:44	1	255	1	0
        5	2025-08-11 16:14:54	1	255	1	0
        5	2025-08-12 06:49:02	1	255	1	0
       12	2025-08-12 06:49:05	1	255	1	0
       11	2025-08-12 06:49:10	1	255	1	0
       11	2025-08-12 06:53:05	1	255	1	0
       14	2025-08-12 07:06:52	1	255	1	0
        7	2025-08-12 07:26:34	1	255	1	0
       15	2025-08-12 07:32:53	1	255	1	0
       11	2025-08-12 16:12:03	1	255	1	0
        5	2025-08-12 16:12:06	1	255	1	0
       14	2025-08-12 16:12:10	1	255	1	0
       12	2025-08-12 16:12:14	1	255	1	0
       15	2025-08-12 16:24:19	1	255	1	0
        5	2025-08-13 06:47:10	1	255	1	0
       12	2025-08-13 06:47:27	1	255	1	0
       14	2025-08-13 07:03:14	1	255	1	0
        7	2025-08-13 08:07:07	1	255	1	0
       12	2025-08-13 15:54:42	1	255	1	0
       14	2025-08-13 15:54:44	1	255	1	0
       11	2025-08-13 15:54:47	1	255	1	0
        5	2025-08-14 06:46:06	1	255	1	0
       12	2025-08-14 06:46:12	1	255	1	0
       11	2025-08-14 06:48:04	1	255	1	0
       14	2025-08-14 07:06:26	1	255	1	0
        7	2025-08-14 07:36:48	1	255	1	0
       15	2025-08-14 07:36:56	1	255	1	0
       11	2025-08-14 16:43:16	1	255	1	0
       14	2025-08-14 16:43:18	1	255	1	0
        5	2025-08-14 16:43:21	1	255	1	0
       12	2025-08-14 16:43:24	1	255	1	0
       15	2025-08-14 16:44:03	1	255	1	0
       12	2025-08-15 06:47:03	1	255	1	0
        5	2025-08-15 06:47:12	1	255	1	0
       11	2025-08-15 06:47:25	1	255	1	0
       14	2025-08-15 07:05:42	1	255	1	0
        7	2025-08-15 07:49:11	1	255	1	0
       15	2025-08-15 07:49:18	1	255	1	0
       11	2025-08-15 16:06:00	1	255	1	0
       14	2025-08-15 16:06:02	1	255	1	0
       12	2025-08-15 16:06:05	1	255	1	0
       15	2025-08-15 16:08:12	1	255	1	0
       15	2025-08-17 09:17:17	1	255	1	0
        5	2025-08-18 06:50:57	1	255	1	0
       12	2025-08-18 06:51:06	1	255	1	0
       11	2025-08-18 06:51:31	1	255	1	0
       14	2025-08-18 07:08:47	1	255	1	0
        9	2025-08-18 08:03:19	1	255	1	0
        6	2025-08-18 08:02:23	1	255	1	0
        7	2025-08-18 08:50:49	1	255	1	0
        7	2025-08-18 08:50:52	1	255	1	0
        9	2025-08-18 16:12:13	1	255	1	0
       14	2025-08-18 16:02:16	1	255	1	0
       12	2025-08-18 16:05:14	1	255	1	0
        5	2025-08-18 16:05:18	1	255	1	0
       11	2025-08-18 16:05:22	1	255	1	0
        6	2025-08-18 16:37:29	1	255	1	0
        5	2025-08-19 06:46:18	1	255	1	0
       12	2025-08-19 06:46:21	1	255	1	0
       11	2025-08-19 06:46:30	1	255	1	0
       11	2025-08-19 06:51:35	1	255	1	0
        6	2025-08-19 07:37:55	1	255	1	0
        7	2025-08-19 07:38:00	1	255	1	0
        9	2025-08-19 07:45:09	1	255	1	0
       12	2025-08-19 16:15:38	1	255	1	0
       11	2025-08-19 16:15:42	1	255	1	0
        5	2025-08-19 16:15:46	1	255	1	0
        9	2025-08-19 16:35:12	1	255	1	0
        6	2025-08-19 17:12:48	1	255	1	0
       12	2025-08-20 06:46:24	1	255	1	0
        5	2025-08-20 06:46:32	1	255	1	0
       11	2025-08-20 06:46:56	1	255	1	0
       14	2025-08-20 07:07:07	1	255	1	0
        7	2025-08-20 08:02:16	1	255	1	0
        6	2025-08-20 08:02:23	1	255	1	0
        9	2025-08-20 08:05:30	1	255	1	0
        7	2025-08-20 12:35:17	1	255	1	0
        6	2025-08-20 16:48:52	1	255	1	0
       14	2025-08-20 16:03:29	1	255	1	0
       12	2025-08-20 16:03:35	1	255	1	0
       11	2025-08-20 16:03:40	1	255	1	0
        5	2025-08-20 16:03:44	1	255	1	0
        9	2025-08-20 16:23:18	1	255	1	0
        5	2025-08-21 06:46:11	1	255	1	0
       12	2025-08-21 06:46:16	1	255	1	0
       11	2025-08-21 06:46:37	1	255	1	0
       14	2025-08-21 07:07:03	1	255	1	0
        9	2025-08-21 08:04:51	1	255	1	0
        6	2025-08-21 08:13:27	1	255	1	0
        9	2025-08-21 16:58:11	1	255	1	0
       11	2025-08-21 16:03:12	1	255	1	0
       14	2025-08-21 16:03:15	1	255	1	0
       12	2025-08-21 16:03:19	1	255	1	0
        5	2025-08-21 16:03:21	1	255	1	0
        5	2025-08-21 16:03:25	1	255	1	0
        6	2025-08-21 16:16:00	1	255	1	0
        5	2025-08-22 06:47:22	1	255	1	0
       12	2025-08-22 06:47:31	1	255	1	0
       11	2025-08-22 06:47:41	1	255	1	0
        9	2025-08-22 08:01:39	1	255	1	0
        6	2025-08-22 09:01:20	1	255	1	0
       14	2025-08-22 15:41:21	1	255	1	0
        9	2025-08-22 16:57:49	1	255	1	0
       12	2025-08-25 06:47:35	1	255	1	0
        5	2025-08-25 06:47:38	1	255	1	0
        4	2025-08-25 06:58:13	1	255	1	0
       14	2025-08-25 07:03:32	1	255	1	0
        6	2025-08-25 08:14:24	1	255	1	0
        7	2025-08-25 08:14:28	1	255	1	0
        9	2025-08-25 08:05:06	1	255	1	0
        9	2025-08-25 16:34:01	1	255	1	0
       14	2025-08-25 16:19:42	1	255	1	0
        4	2025-08-25 16:19:46	1	255	1	0
       11	2025-08-25 16:19:49	1	255	1	0
        6	2025-08-25 16:19:53	1	255	1	0
        5	2025-08-25 16:19:56	1	255	1	0
       12	2025-08-25 16:19:59	1	255	1	0
        5	2025-08-26 06:47:52	1	255	1	0
       12	2025-08-26 06:47:58	1	255	1	0
       11	2025-08-26 06:48:28	1	255	1	0
       14	2025-08-26 07:06:47	1	255	1	0
        4	2025-08-26 07:15:41	1	255	1	0
        6	2025-08-26 08:12:54	1	255	1	0
        7	2025-08-26 08:13:02	1	255	1	0
        9	2025-08-26 08:01:44	1	255	1	0
        9	2025-08-26 16:36:28	1	255	1	0
        4	2025-08-26 16:14:02	1	255	1	0
        5	2025-08-26 16:27:03	1	255	1	0
       14	2025-08-26 16:27:07	1	255	1	0
       12	2025-08-26 16:27:14	1	255	1	0
       11	2025-08-26 16:27:48	1	255	1	0
        6	2025-08-26 16:47:22	1	255	1	0
        5	2025-08-27 06:43:50	1	255	1	0
        4	2025-08-27 06:43:58	1	255	1	0
       11	2025-08-27 06:45:30	1	255	1	0
        7	2025-08-27 07:38:53	1	255	1	0
        6	2025-08-27 07:38:58	1	255	1	0
        9	2025-08-27 08:17:36	1	255	1	0
        4	2025-08-27 16:08:32	1	255	1	0
        5	2025-08-27 16:23:44	1	255	1	0
        6	2025-08-27 16:23:51	1	255	1	0
        9	2025-08-27 16:43:34	1	255	1	0
        5	2025-08-28 06:42:13	1	255	1	0
        4	2025-08-28 06:42:19	1	255	1	0
        6	2025-08-28 08:11:07	1	255	1	0
        7	2025-08-28 08:13:16	1	255	1	0
        9	2025-08-28 08:36:42	1	255	1	0
        4	2025-08-28 16:11:54	1	255	1	0
       11	2025-08-28 16:14:17	1	255	1	0
        5	2025-08-28 16:17:55	1	255	1	0
        6	2025-08-28 16:18:55	1	255	1	0
        9	2025-08-28 16:37:46	1	255	1	0
        5	2025-08-29 06:39:00	1	255	1	0
        4	2025-08-29 06:39:14	1	255	1	0
        9	2025-08-29 08:01:47	1	255	1	0
        6	2025-08-29 08:21:43	1	255	1	0
        7	2025-08-29 08:22:53	1	255	1	0
        6	2025-08-29 08:11:08	1	255	1	0
        9	2025-08-29 16:34:46	1	255	1	0
        7	2025-08-29 15:02:30	1	255	1	0
        4	2025-08-29 15:40:20	1	255	1	0
        5	2025-08-05 16:33:12	1	255	1	0
        5	2025-08-13 16:12:02	1	255	1	0
        5	2025-08-15 16:05:13	1	255	1	0
        5	2025-08-22 16:12:00	1	255	1	0
        5	2025-08-29 16:04:37	1	255	1	0
        6	2025-08-22 17:13:21	1	255	1	0
        6	2025-08-29 17:13:21	1	255	1	0
        9	2025-08-04 16:49:59	1	255	1	0
       11	2025-08-13 06:36:21	1	255	1	0
       11	2025-08-22 17:07:12	1	255	1	0
       11	2025-08-25 06:55:13	1	255	1	0
       11	2025-08-27 16:27:44	1	255	1	0
       11	2025-08-28 06:48:57	1	255	1	0
       11	2025-08-29 06:48:12	1	255	1	0
       11	2025-08-29 16:13:09	1	255	1	0
       12	2025-08-01 16:37:21	1	255	1	0
       12	2025-08-22 16:17:03	1	255	1	0
       12	2025-08-27 06:50:00	1	255	1	0
       12	2025-08-27 16:31:01	1	255	1	0
       12	2025-08-28 06:50:00	1	255	1	0
       12	2025-08-28 16:31:01	1	255	1	0
       12	2025-08-29 06:50:00	1	255	1	0
       12	2025-08-29 16:31:01	1	255	1	0
       14	2025-08-04 16:43:23	1	255	1	0
       14	2025-08-22 06:52:19	1	255	1	0
       14	2025-08-27 06:50:00	1	255	1	0
       14	2025-08-27 16:31:01	1	255	1	0
       14	2025-08-28 06:50:00	1	255	1	0
       14	2025-08-28 16:31:01	1	255	1	0
       14	2025-08-29 06:50:00	1	255	1	0
       14	2025-08-29 16:31:01	1	255	1	0
       15	2025-08-01 17:12:02	1	255	1	0
       15	2025-08-07 16:36:49	1	255	1	0
       15	2025-08-17 17:16:35	1	255	1	0
