       12	2026-05-04 07:00:21	1	255	1	0
        4	2026-05-04 07:00:30	1	255	1	0
        5	2026-05-04 07:00:34	1	255	1	0
       21	2026-05-04 07:00:40	1	255	1	0
       11	2026-05-04 07:00:53	1	255	1	0
        9	2026-05-04 07:23:47	1	255	1	0
       22	2026-05-04 07:23:53	1	255	1	0
        5	2026-05-04 15:57:17	1	255	1	0
       21	2026-05-04 15:57:22	1	255	1	0
        4	2026-05-04 15:57:25	1	255	1	0
       12	2026-05-04 15:57:31	1	255	1	0
       22	2026-05-04 15:59:50	1	255	1	0
        9	2026-05-04 17:54:42	1	255	1	0
       12	2026-05-05 06:46:22	1	255	1	0
        5	2026-05-05 06:46:30	1	255	1	0
        4	2026-05-05 06:53:08	1	255	1	0
        9	2026-05-05 07:15:28	1	255	1	0
       22	2026-05-05 07:15:32	1	255	1	0
        4	2026-05-05 16:00:21	1	255	1	0
       22	2026-05-05 16:00:28	1	255	1	0
        9	2026-05-05 16:00:32	1	255	1	0
       11	2026-05-05 16:10:00	1	255	1	0
       12	2026-05-05 16:10:23	1	255	1	0
        5	2026-05-05 16:10:37	1	255	1	0
        4	2026-05-06 06:40:42	1	255	1	0
       12	2026-05-06 06:48:10	1	255	1	0
       21	2026-05-06 06:50:46	1	255	1	0
        9	2026-05-06 07:10:50	1	255	1	0
       22	2026-05-06 07:22:12	1	255	1	0
        5	2026-05-06 07:22:32	1	255	1	0
        7	2026-05-06 08:39:44	1	255	1	0
        4	2026-05-06 15:28:57	1	255	1	0
        9	2026-05-06 16:00:38	1	255	1	0
       22	2026-05-06 16:00:44	1	255	1	0
       12	2026-05-06 16:29:09	1	255	1	0
       11	2026-05-06 16:29:13	1	255	1	0
        5	2026-05-06 16:29:15	1	255	1	0
       21	2026-05-06 16:29:17	1	255	1	0
       12	2026-05-07 06:47:48	1	255	1	0
       21	2026-05-07 06:48:42	1	255	1	0
       11	2026-05-07 06:48:53	1	255	1	0
        4	2026-05-07 06:55:16	1	255	1	0
        9	2026-05-07 07:18:50	1	255	1	0
       22	2026-05-07 07:18:54	1	255	1	0
        7	2026-05-07 07:34:22	1	255	1	0
        9	2026-05-07 15:57:02	1	255	1	0
        4	2026-05-07 15:57:08	1	255	1	0
       22	2026-05-07 15:57:12	1	255	1	0
       21	2026-05-07 16:42:44	1	255	1	0
       12	2026-05-07 16:42:48	1	255	1	0
        5	2026-05-07 16:42:52	1	255	1	0
        5	2026-05-08 06:44:30	1	255	1	0
       12	2026-05-08 06:45:23	1	255	1	0
        4	2026-05-08 06:46:04	1	255	1	0
       11	2026-05-08 06:47:05	1	255	1	0
       21	2026-05-08 06:53:39	1	255	1	0
       22	2026-05-08 07:26:29	1	255	1	0
        9	2026-05-08 07:26:49	1	255	1	0
       22	2026-05-08 15:59:31	1	255	1	0
        9	2026-05-08 15:59:38	1	255	1	0
        4	2026-05-08 16:08:53	1	255	1	0
       12	2026-05-08 16:08:59	1	255	1	0
        5	2026-05-08 16:21:53	1	255	1	0
       21	2026-05-08 16:21:57	1	255	1	0
        5	2026-05-11 07:46:05	1	255	1	0
       12	2026-05-11 07:46:08	1	255	1	0
       21	2026-05-11 07:46:51	1	255	1	0
        7	2026-05-11 08:15:22	1	255	1	0
        4	2026-05-11 16:00:30	1	255	1	0
       11	2026-05-11 16:00:38	1	255	1	0
       21	2026-05-11 16:00:41	1	255	1	0
       12	2026-05-11 16:00:45	1	255	1	0
        5	2026-05-11 16:00:48	1	255	1	0
        4	2026-05-12 06:43:47	1	255	1	0
       12	2026-05-12 06:46:37	1	255	1	0
       21	2026-05-12 06:49:18	1	255	1	0
       11	2026-05-12 06:49:26	1	255	1	0
        9	2026-05-12 06:59:21	1	255	1	0
       22	2026-05-12 07:03:40	1	255	1	0
        7	2026-05-12 08:00:38	1	255	1	0
        4	2026-05-12 16:00:57	1	255	1	0
        9	2026-05-12 16:01:02	1	255	1	0
       21	2026-05-12 17:10:37	1	255	1	0
       12	2026-05-12 17:10:40	1	255	1	0
       12	2026-05-13 06:46:27	1	255	1	0
       11	2026-05-13 06:46:45	1	255	1	0
       21	2026-05-13 06:49:10	1	255	1	0
        4	2026-05-13 06:51:47	1	255	1	0
        9	2026-05-13 07:17:50	1	255	1	0
       22	2026-05-13 07:17:54	1	255	1	0
        7	2026-05-13 08:34:33	1	255	1	0
        4	2026-05-13 15:46:43	1	255	1	0
       22	2026-05-13 15:59:10	1	255	1	0
       21	2026-05-13 16:01:18	1	255	1	0
       12	2026-05-13 16:01:21	1	255	1	0
       11	2026-05-13 16:01:27	1	255	1	0
       12	2026-05-14 06:47:29	1	255	1	0
       21	2026-05-14 06:49:40	1	255	1	0
        4	2026-05-14 07:01:23	1	255	1	0
        9	2026-05-14 07:25:32	1	255	1	0
       22	2026-05-14 07:25:38	1	255	1	0
        7	2026-05-14 08:39:46	1	255	1	0
       21	2026-05-14 16:01:04	1	255	1	0
       12	2026-05-14 16:01:14	1	255	1	0
        4	2026-05-14 16:01:22	1	255	1	0
       11	2026-05-14 16:01:27	1	255	1	0
        9	2026-05-14 16:04:00	1	255	1	0
        4	2026-05-15 06:45:01	1	255	1	0
       12	2026-05-15 06:47:36	1	255	1	0
       21	2026-05-15 06:49:19	1	255	1	0
        9	2026-05-15 06:52:17	1	255	1	0
       22	2026-05-15 06:52:37	1	255	1	0
        7	2026-05-15 08:50:51	1	255	1	0
       21	2026-05-15 15:13:03	1	255	1	0
       12	2026-05-18 06:48:08	1	255	1	0
        5	2026-05-18 06:48:13	1	255	1	0
       21	2026-05-18 06:54:52	1	255	1	0
        4	2026-05-18 06:55:10	1	255	1	0
        9	2026-05-18 06:57:52	1	255	1	0
       22	2026-05-18 06:58:11	1	255	1	0
        7	2026-05-18 08:02:16	1	255	1	0
       12	2026-05-18 15:55:31	1	255	1	0
        4	2026-05-18 15:55:35	1	255	1	0
        5	2026-05-18 15:55:39	1	255	1	0
       21	2026-05-18 15:55:41	1	255	1	0
        9	2026-05-18 15:55:45	1	255	1	0
       22	2026-05-18 15:55:51	1	255	1	0
       12	2026-05-19 06:47:07	1	255	1	0
        5	2026-05-19 06:47:11	1	255	1	0
       21	2026-05-19 06:49:37	1	255	1	0
        9	2026-05-19 07:00:05	1	255	1	0
       22	2026-05-19 07:00:25	1	255	1	0
        7	2026-05-19 07:57:22	1	255	1	0
        4	2026-05-19 15:47:49	1	255	1	0
       21	2026-05-19 15:52:20	1	255	1	0
       12	2026-05-19 15:52:23	1	255	1	0
       22	2026-05-19 15:52:30	1	255	1	0
        9	2026-05-19 15:52:35	1	255	1	0
        5	2026-05-19 15:52:38	1	255	1	0
       12	2026-05-20 06:48:15	1	255	1	0
        4	2026-05-20 06:48:20	1	255	1	0
       21	2026-05-20 06:50:35	1	255	1	0
        5	2026-05-20 06:50:46	1	255	1	0
        9	2026-05-20 06:54:32	1	255	1	0
       22	2026-05-20 06:54:50	1	255	1	0
        7	2026-05-20 07:55:11	1	255	1	0
        5	2026-05-20 15:38:26	1	255	1	0
        4	2026-05-20 15:52:28	1	255	1	0
       21	2026-05-20 15:52:34	1	255	1	0
       12	2026-05-20 15:53:09	1	255	1	0
        9	2026-05-20 15:56:30	1	255	1	0
        4	2026-05-21 06:34:32	1	255	1	0
       12	2026-05-21 06:47:36	1	255	1	0
        5	2026-05-21 06:48:54	1	255	1	0
       21	2026-05-21 06:49:12	1	255	1	0
        9	2026-05-21 06:56:30	1	255	1	0
       22	2026-05-21 06:56:48	1	255	1	0
        4	2026-05-21 15:52:24	1	255	1	0
       22	2026-05-21 15:53:10	1	255	1	0
        9	2026-05-21 15:53:17	1	255	1	0
       21	2026-05-21 15:53:23	1	255	1	0
       12	2026-05-21 15:53:25	1	255	1	0
        5	2026-05-21 15:55:23	1	255	1	0
        5	2026-05-22 06:46:59	1	255	1	0
       12	2026-05-22 06:47:24	1	255	1	0
       11	2026-05-22 06:49:02	1	255	1	0
       21	2026-05-22 06:49:28	1	255	1	0
        9	2026-05-22 06:55:00	1	255	1	0
       22	2026-05-22 06:55:15	1	255	1	0
        7	2026-05-22 10:16:19	1	255	1	0
        4	2026-05-22 16:39:50	1	255	1	0
       12	2026-05-22 16:39:52	1	255	1	0
       11	2026-05-22 16:40:00	1	255	1	0
        5	2026-05-22 16:40:04	1	255	1	0
       21	2026-05-22 16:40:08	1	255	1	0
        9	2026-05-22 16:44:01	1	255	1	0
       22	2026-05-22 16:44:07	1	255	1	0
        4	2026-05-25 06:36:16	1	255	1	0
       12	2026-05-25 06:46:34	1	255	1	0
        5	2026-05-25 06:46:40	1	255	1	0
       11	2026-05-25 06:47:22	1	255	1	0
       21	2026-05-25 06:47:36	1	255	1	0
        9	2026-05-25 06:52:46	1	255	1	0
       22	2026-05-25 06:53:07	1	255	1	0
        9	2026-05-25 15:55:44	1	255	1	0
       22	2026-05-25 15:55:49	1	255	1	0
       21	2026-05-25 16:01:41	1	255	1	0
       11	2026-05-25 16:01:46	1	255	1	0
       12	2026-05-25 16:01:50	1	255	1	0
        5	2026-05-25 16:02:09	1	255	1	0
       11	2026-05-25 16:02:19	1	255	1	0
        4	2026-05-26 06:46:53	1	255	1	0
       12	2026-05-26 06:47:51	1	255	1	0
        5	2026-05-26 06:48:10	1	255	1	0
       21	2026-05-26 06:48:16	1	255	1	0
       11	2026-05-26 06:48:31	1	255	1	0
       11	2026-05-26 06:50:55	1	255	1	0
        9	2026-05-26 06:56:39	1	255	1	0
       22	2026-05-26 06:56:45	1	255	1	0
        7	2026-05-26 08:26:42	1	255	1	0
       22	2026-05-26 15:56:32	1	255	1	0
        9	2026-05-26 15:56:45	1	255	1	0
       12	2026-05-26 15:59:25	1	255	1	0
       21	2026-05-26 15:59:30	1	255	1	0
        4	2026-05-26 15:59:36	1	255	1	0
       11	2026-05-26 15:59:43	1	255	1	0
        4	2026-05-27 06:43:08	1	255	1	0
       12	2026-05-27 06:47:29	1	255	1	0
        5	2026-05-27 06:47:32	1	255	1	0
       11	2026-05-27 06:47:40	1	255	1	0
       21	2026-05-27 06:47:49	1	255	1	0
        9	2026-05-27 06:58:24	1	255	1	0
       22	2026-05-27 06:58:27	1	255	1	0
        7	2026-05-27 08:08:31	1	255	1	0
       21	2026-05-27 15:42:40	1	255	1	0
        4	2026-05-27 15:42:53	1	255	1	0
       11	2026-05-27 15:50:07	1	255	1	0
        5	2026-05-27 15:50:12	1	255	1	0
       12	2026-05-27 15:50:14	1	255	1	0
       22	2026-05-27 15:52:17	1	255	1	0
        9	2026-05-27 15:52:22	1	255	1	0
       12	2026-05-28 06:46:07	1	255	1	0
       11	2026-05-28 06:46:32	1	255	1	0
        5	2026-05-28 06:46:41	1	255	1	0
       21	2026-05-28 06:47:25	1	255	1	0
        4	2026-05-28 06:53:29	1	255	1	0
        9	2026-05-28 06:57:48	1	255	1	0
       22	2026-05-28 06:57:59	1	255	1	0
       11	2026-05-28 06:59:21	1	255	1	0
        7	2026-05-28 09:35:07	1	255	1	0
        4	2026-05-28 15:58:30	1	255	1	0
       21	2026-05-28 16:11:31	1	255	1	0
       12	2026-05-28 16:11:47	1	255	1	0
       21	2026-05-28 16:11:57	1	255	1	0
        5	2026-05-28 16:12:10	1	255	1	0
       11	2026-05-28 16:12:15	1	255	1	0
       22	2026-05-28 16:22:40	1	255	1	0
        9	2026-05-28 16:22:51	1	255	1	0
       12	2026-05-29 06:48:58	1	255	1	0
       11	2026-05-29 06:49:05	1	255	1	0
       21	2026-05-29 06:49:08	1	255	1	0
        4	2026-05-29 06:53:38	1	255	1	0
        9	2026-05-29 06:58:54	1	255	1	0
       22	2026-05-29 06:59:53	1	255	1	0
       22	2026-05-29 16:01:19	1	255	1	0
        9	2026-05-29 16:01:25	1	255	1	0
        4	2026-05-29 16:01:34	1	255	1	0
       21	2026-05-29 16:20:17	1	255	1	0
       12	2026-05-29 16:20:25	1	255	1	0
        4	2026-05-15 16:06:00	1	255	1	0
        4	2026-05-19 06:55:18	1	255	1	0
        4	2026-05-22 06:54:59	1	255	1	0
        4	2026-05-25 16:05:11	1	255	1	0
        5	2026-05-07 06:57:01	1	255	1	0
        5	2026-05-26 16:11:41	1	255	1	0
        9	2026-05-13 16:01:03	1	255	1	0
        9	2026-05-15 16:02:35	1	255	1	0
       12	2026-05-15 16:11:21	1	255	1	0
       21	2026-05-05 06:47:29	1	255	1	0
       21	2026-05-05 16:01:31	1	255	1	0
       22	2026-05-12 16:01:39	1	255	1	0
       22	2026-05-14 16:03:01	1	255	1	0
       22	2026-05-15 16:05:10	1	255	1	0
       22	2026-05-20 16:00:57	1	255	1	0
       11	2026-05-04 16:11:04	1	255	1	0
       11	2026-05-05 06:51:33	1	255	1	0
       11	2026-05-06 06:53:29	1	255	1	0
       11	2026-05-07 16:01:55	1	255	1	0
       11	2026-05-08 16:03:53	1	255	1	0
       11	2026-05-12 16:04:19	1	255	1	0
       11	2026-05-14 06:54:09	1	255	1	0
       11	2026-05-29 16:09:07	1	255	1	0
       11	2026-05-15 06:56:11	1	255	1	0
       11	2026-05-15 16:07:00	1	255	1	0
       11	2026-05-18 06:55:51	1	255	1	0
       11	2026-05-18 16:08:39	1	255	1	0
       11	2026-05-19 06:49:09	1	255	1	0
       11	2026-05-19 16:03:39	1	255	1	0
       11	2026-05-20 06:50:41	1	255	1	0
       11	2026-05-20 16:06:33	1	255	1	0
       11	2026-05-21 06:57:03	1	255	1	0
       11	2026-05-21 16:04:08	1	255	1	0
