        4	2026-08-03 06:37:30	1	255	1	0
       12	2026-08-03 06:46:24	1	255	1	0
       11	2026-08-03 06:48:11	1	255	1	0
       21	2026-08-03 06:48:15	1	255	1	0
        7	2026-08-03 08:21:24	1	255	1	0
       21	2026-08-03 15:59:43	1	255	1	0
        4	2026-08-03 15:59:47	1	255	1	0
       11	2026-08-03 15:59:52	1	255	1	0
       12	2026-08-03 15:59:55	1	255	1	0
        4	2026-08-04 06:36:16	1	255	1	0
       12	2026-08-04 06:44:29	1	255	1	0
       21	2026-08-04 06:46:58	1	255	1	0
       11	2026-08-04 06:47:05	1	255	1	0
        9	2026-08-04 07:22:31	1	255	1	0
        7	2026-08-04 07:27:31	1	255	1	0
        9	2026-08-04 16:07:38	1	255	1	0
        4	2026-08-04 16:16:46	1	255	1	0
       11	2026-08-04 16:16:52	1	255	1	0
       12	2026-08-04 16:16:55	1	255	1	0
       21	2026-08-04 16:16:59	1	255	1	0
       12	2026-08-05 06:47:20	1	255	1	0
       21	2026-08-05 06:48:20	1	255	1	0
       11	2026-08-05 06:48:24	1	255	1	0
       11	2026-08-05 06:59:03	1	255	1	0
        9	2026-08-05 07:22:57	1	255	1	0
        7	2026-08-05 08:13:12	1	255	1	0
        9	2026-08-05 16:00:23	1	255	1	0
        4	2026-08-05 16:08:52	1	255	1	0
       12	2026-08-05 16:08:56	1	255	1	0
       21	2026-08-05 16:09:52	1	255	1	0
       11	2026-08-05 16:43:24	1	255	1	0
       12	2026-08-06 06:47:39	1	255	1	0
       21	2026-08-06 06:49:11	1	255	1	0
       11	2026-08-06 06:49:15	1	255	1	0
        9	2026-08-06 07:22:06	1	255	1	0
        7	2026-08-06 08:24:51	1	255	1	0
        4	2026-08-06 15:58:08	1	255	1	0
       21	2026-08-06 15:58:18	1	255	1	0
       11	2026-08-06 15:58:25	1	255	1	0
       12	2026-08-06 15:58:28	1	255	1	0
        9	2026-08-06 15:59:02	1	255	1	0
        4	2026-08-07 06:41:05	1	255	1	0
       12	2026-08-07 06:48:19	1	255	1	0
       21	2026-08-07 06:48:49	1	255	1	0
       11	2026-08-07 06:48:58	1	255	1	0
        9	2026-08-07 07:19:43	1	255	1	0
        7	2026-08-07 08:16:30	1	255	1	0
       12	2026-08-07 16:03:00	1	255	1	0
        4	2026-08-07 16:03:05	1	255	1	0
       11	2026-08-07 16:03:20	1	255	1	0
       21	2026-08-07 16:03:24	1	255	1	0
        9	2026-08-07 18:34:08	1	255	1	0
       12	2026-08-10 06:43:47	1	255	1	0
        5	2026-08-10 06:43:52	1	255	1	0
       11	2026-08-10 06:44:04	1	255	1	0
       21	2026-08-10 06:44:23	1	255	1	0
        9	2026-08-10 07:24:08	1	255	1	0
        9	2026-08-10 16:00:19	1	255	1	0
       12	2026-08-10 16:02:37	1	255	1	0
       11	2026-08-10 16:02:43	1	255	1	0
        5	2026-08-10 16:02:47	1	255	1	0
       21	2026-08-10 16:02:50	1	255	1	0
       12	2026-08-11 06:46:13	1	255	1	0
        5	2026-08-11 06:46:20	1	255	1	0
       21	2026-08-11 06:49:05	1	255	1	0
       11	2026-08-11 06:50:29	1	255	1	0
        9	2026-08-11 06:55:01	1	255	1	0
        9	2026-08-11 16:00:20	1	255	1	0
       11	2026-08-11 16:02:51	1	255	1	0
       21	2026-08-11 16:03:16	1	255	1	0
       12	2026-08-11 16:03:25	1	255	1	0
       11	2026-08-11 16:03:28	1	255	1	0
        5	2026-08-11 16:03:31	1	255	1	0
       12	2026-08-12 06:46:21	1	255	1	0
        5	2026-08-12 06:46:30	1	255	1	0
       11	2026-08-12 06:48:20	1	255	1	0
       21	2026-08-12 06:48:26	1	255	1	0
        9	2026-08-12 07:20:25	1	255	1	0
        9	2026-08-12 16:04:03	1	255	1	0
       21	2026-08-12 16:09:31	1	255	1	0
       12	2026-08-12 16:09:45	1	255	1	0
        5	2026-08-12 18:45:38	1	255	1	0
       12	2026-08-13 06:46:56	1	255	1	0
       21	2026-08-13 06:47:02	1	255	1	0
       11	2026-08-13 06:47:10	1	255	1	0
        9	2026-08-13 07:21:24	1	255	1	0
        9	2026-08-13 15:59:41	1	255	1	0
       21	2026-08-13 15:59:47	1	255	1	0
       11	2026-08-13 15:59:50	1	255	1	0
       12	2026-08-13 15:59:55	1	255	1	0
       12	2026-08-14 06:45:02	1	255	1	0
       21	2026-08-14 06:45:10	1	255	1	0
       11	2026-08-14 06:45:28	1	255	1	0
        9	2026-08-14 07:26:32	1	255	1	0
        9	2026-08-14 16:04:03	1	255	1	0
       12	2026-08-17 06:46:58	1	255	1	0
       11	2026-08-17 06:47:22	1	255	1	0
       21	2026-08-17 06:48:43	1	255	1	0
        9	2026-08-17 07:20:00	1	255	1	0
       22	2026-08-17 07:20:10	1	255	1	0
        9	2026-08-17 16:06:20	1	255	1	0
       21	2026-08-17 16:06:25	1	255	1	0
       12	2026-08-17 16:06:34	1	255	1	0
       22	2026-08-17 16:07:19	1	255	1	0
       12	2026-08-18 06:46:00	1	255	1	0
       21	2026-08-18 06:47:12	1	255	1	0
       11	2026-08-18 06:47:36	1	255	1	0
        9	2026-08-18 06:55:45	1	255	1	0
       22	2026-08-18 06:55:57	1	255	1	0
       21	2026-08-18 15:57:51	1	255	1	0
       11	2026-08-18 15:58:02	1	255	1	0
       12	2026-08-18 15:58:05	1	255	1	0
       22	2026-08-18 15:59:13	1	255	1	0
        9	2026-08-18 15:59:27	1	255	1	0
        9	2026-08-19 06:57:01	1	255	1	0
       22	2026-08-19 06:57:06	1	255	1	0
       21	2026-08-19 07:26:13	1	255	1	0
       11	2026-08-19 07:26:27	1	255	1	0
       22	2026-08-19 16:10:32	1	255	1	0
        9	2026-08-19 16:10:37	1	255	1	0
       11	2026-08-19 16:14:24	1	255	1	0
       21	2026-08-19 16:14:28	1	255	1	0
       12	2026-08-20 06:58:54	1	255	1	0
        5	2026-08-20 06:58:58	1	255	1	0
       21	2026-08-20 07:00:40	1	255	1	0
        9	2026-08-20 07:13:17	1	255	1	0
       22	2026-08-20 07:13:30	1	255	1	0
        7	2026-08-20 08:37:59	1	255	1	0
        9	2026-08-20 15:57:43	1	255	1	0
       22	2026-08-20 15:57:47	1	255	1	0
       11	2026-08-20 15:57:51	1	255	1	0
       21	2026-08-20 15:57:58	1	255	1	0
       12	2026-08-20 15:58:10	1	255	1	0
        5	2026-08-20 15:58:14	1	255	1	0
        5	2026-08-21 06:46:47	1	255	1	0
       12	2026-08-21 06:47:20	1	255	1	0
       11	2026-08-21 06:47:41	1	255	1	0
       11	2026-08-21 06:48:54	1	255	1	0
       21	2026-08-21 06:49:07	1	255	1	0
        9	2026-08-21 06:59:51	1	255	1	0
       22	2026-08-21 07:00:06	1	255	1	0
        7	2026-08-21 08:26:06	1	255	1	0
        9	2026-08-21 15:51:08	1	255	1	0
       22	2026-08-21 15:51:12	1	255	1	0
       21	2026-08-21 16:08:01	1	255	1	0
       12	2026-08-21 16:08:15	1	255	1	0
        5	2026-08-21 16:08:19	1	255	1	0
       11	2026-08-21 16:08:22	1	255	1	0
        4	2026-08-24 06:47:26	1	255	1	0
        5	2026-08-24 06:49:05	1	255	1	0
        5	2026-08-24 06:49:10	1	255	1	0
       12	2026-08-24 06:49:25	1	255	1	0
       21	2026-08-24 06:49:31	1	255	1	0
        9	2026-08-24 06:55:03	1	255	1	0
       22	2026-08-24 06:55:25	1	255	1	0
       12	2026-08-24 15:52:50	1	255	1	0
        4	2026-08-24 15:52:57	1	255	1	0
        5	2026-08-24 15:53:03	1	255	1	0
       21	2026-08-24 15:53:12	1	255	1	0
       11	2026-08-24 15:53:17	1	255	1	0
        9	2026-08-24 15:55:30	1	255	1	0
       22	2026-08-24 15:55:35	1	255	1	0
       12	2026-08-25 06:45:46	1	255	1	0
        5	2026-08-25 06:45:54	1	255	1	0
       21	2026-08-25 06:46:52	1	255	1	0
       11	2026-08-25 06:46:57	1	255	1	0
        4	2026-08-25 06:54:21	1	255	1	0
        9	2026-08-25 07:00:07	1	255	1	0
       22	2026-08-25 07:00:34	1	255	1	0
        7	2026-08-25 09:58:45	1	255	1	0
       22	2026-08-25 16:00:31	1	255	1	0
        9	2026-08-25 16:00:45	1	255	1	0
       21	2026-08-25 16:04:35	1	255	1	0
        4	2026-08-25 16:04:52	1	255	1	0
       12	2026-08-25 16:05:02	1	255	1	0
       11	2026-08-25 16:05:35	1	255	1	0
        5	2026-08-26 06:45:44	1	255	1	0
       12	2026-08-26 06:45:48	1	255	1	0
       11	2026-08-26 06:45:54	1	255	1	0
       21	2026-08-26 06:47:19	1	255	1	0
        9	2026-08-26 06:55:57	1	255	1	0
       22	2026-08-26 06:56:05	1	255	1	0
        7	2026-08-26 09:00:11	1	255	1	0
        4	2026-08-26 15:58:32	1	255	1	0
       21	2026-08-26 15:58:37	1	255	1	0
        9	2026-08-26 15:58:42	1	255	1	0
       12	2026-08-26 15:58:50	1	255	1	0
       22	2026-08-26 15:58:53	1	255	1	0
        5	2026-08-26 15:58:58	1	255	1	0
       11	2026-08-26 15:59:04	1	255	1	0
        4	2026-08-27 06:39:19	1	255	1	0
        4	2026-08-27 06:40:02	1	255	1	0
        5	2026-08-27 06:45:34	1	255	1	0
       12	2026-08-27 06:46:08	1	255	1	0
       21	2026-08-27 06:47:32	1	255	1	0
       11	2026-08-27 06:47:40	1	255	1	0
        9	2026-08-27 06:58:32	1	255	1	0
       11	2026-08-27 06:58:46	1	255	1	0
       22	2026-08-27 06:58:58	1	255	1	0
        7	2026-08-27 09:08:40	1	255	1	0
        5	2026-08-27 16:00:27	1	255	1	0
       21	2026-08-27 16:00:32	1	255	1	0
       22	2026-08-27 16:00:36	1	255	1	0
       11	2026-08-27 16:00:41	1	255	1	0
        9	2026-08-27 16:00:45	1	255	1	0
        4	2026-08-27 16:00:51	1	255	1	0
       12	2026-08-27 16:00:55	1	255	1	0
       12	2026-08-28 06:48:11	1	255	1	0
       11	2026-08-28 06:49:54	1	255	1	0
        5	2026-08-28 06:50:15	1	255	1	0
       21	2026-08-28 06:50:56	1	255	1	0
        9	2026-08-28 06:57:21	1	255	1	0
       22	2026-08-28 06:57:26	1	255	1	0
        4	2026-08-28 06:59:27	1	255	1	0
        7	2026-08-28 08:48:05	1	255	1	0
        9	2026-08-28 15:59:43	1	255	1	0
       12	2026-08-31 06:47:58	1	255	1	0
       21	2026-08-31 06:48:50	1	255	1	0
       11	2026-08-31 06:48:58	1	255	1	0
        5	2026-08-31 06:54:37	1	255	1	0
        4	2026-08-31 06:54:40	1	255	1	0
        9	2026-08-31 06:58:06	1	255	1	0
       22	2026-08-31 06:58:24	1	255	1	0
        7	2026-08-31 09:02:12	1	255	1	0
        4	2026-08-31 16:08:32	1	255	1	0
        9	2026-08-31 16:20:19	1	255	1	0
       21	2026-08-31 16:21:19	1	255	1	0
       12	2026-08-31 16:25:24	1	255	1	0
       11	2026-08-31 16:25:35	1	255	1	0
        5	2026-08-31 16:25:39	1	255	1	0
        4	2026-08-05 06:58:51	1	255	1	0
        4	2026-08-06 06:59:00	1	255	1	0
        4	2026-08-26 07:00:21	1	255	1	0
        4	2026-08-28 16:12:23	1	255	1	0
        5	2026-08-25 16:12:03	1	255	1	0
        5	2026-08-28 16:18:09	1	255	1	0
        9	2026-08-03 06:55:21	1	255	1	0
        9	2026-08-03 16:13:57	1	255	1	0
       11	2026-08-12 16:18:23	1	255	1	0
       11	2026-08-14 16:03:55	1	255	1	0
       11	2026-08-17 16:05:51	1	255	1	0
       11	2026-08-20 06:45:55	1	255	1	0
       11	2026-08-24 06:53:23	1	255	1	0
       11	2026-08-28 16:01:02	1	255	1	0
       12	2026-08-14 16:18:21	1	255	1	0
       12	2026-08-28 16:04:23	1	255	1	0
       12	2026-08-19 06:51:09	1	255	1	0
       12	2026-08-19 16:03:23	1	255	1	0
       21	2026-08-14 16:11:37	1	255	1	0
       21	2026-08-28 16:13:11	1	255	1	0
       22	2026-08-31 16:03:29	1	255	1	0
       22	2026-08-31 16:05:13	1	255	1	0
