        4	2026-07-01 06:33:46	1	255	1	0
       12	2026-07-01 06:45:55	1	255	1	0
        5	2026-07-01 06:46:01	1	255	1	0
       11	2026-07-01 06:47:13	1	255	1	0
       21	2026-07-01 06:49:05	1	255	1	0
        9	2026-07-01 06:56:19	1	255	1	0
       22	2026-07-01 06:56:44	1	255	1	0
        7	2026-07-01 08:24:17	1	255	1	0
        5	2026-07-01 15:58:35	1	255	1	0
       12	2026-07-01 15:58:38	1	255	1	0
       11	2026-07-01 15:58:42	1	255	1	0
        4	2026-07-01 15:58:49	1	255	1	0
       22	2026-07-01 16:41:35	1	255	1	0
        9	2026-07-01 16:41:42	1	255	1	0
       12	2026-07-02 06:46:58	1	255	1	0
        5	2026-07-02 06:48:17	1	255	1	0
        4	2026-07-02 06:49:27	1	255	1	0
        9	2026-07-02 06:58:50	1	255	1	0
       22	2026-07-02 06:59:20	1	255	1	0
        4	2026-07-02 15:53:04	1	255	1	0
        9	2026-07-02 15:57:46	1	255	1	0
       22	2026-07-02 15:57:53	1	255	1	0
        5	2026-07-02 16:21:16	1	255	1	0
       11	2026-07-02 16:21:19	1	255	1	0
        5	2026-07-03 06:45:27	1	255	1	0
       12	2026-07-03 06:45:33	1	255	1	0
       11	2026-07-03 06:45:40	1	255	1	0
        9	2026-07-03 07:06:53	1	255	1	0
       22	2026-07-03 07:10:26	1	255	1	0
        4	2026-07-03 07:43:29	1	255	1	0
        7	2026-07-03 12:15:28	1	255	1	0
        4	2026-07-03 15:54:26	1	255	1	0
       12	2026-07-03 15:54:32	1	255	1	0
        5	2026-07-03 15:54:38	1	255	1	0
       11	2026-07-03 15:54:43	1	255	1	0
       22	2026-07-03 15:56:26	1	255	1	0
        9	2026-07-03 15:56:32	1	255	1	0
       11	2026-07-06 06:53:29	1	255	1	0
        5	2026-07-06 06:53:36	1	255	1	0
        4	2026-07-06 06:53:53	1	255	1	0
        9	2026-07-06 06:56:59	1	255	1	0
       22	2026-07-06 06:57:06	1	255	1	0
        7	2026-07-06 08:37:42	1	255	1	0
       22	2026-07-06 16:01:23	1	255	1	0
        9	2026-07-06 16:01:32	1	255	1	0
        4	2026-07-06 16:01:38	1	255	1	0
       11	2026-07-06 16:10:44	1	255	1	0
        5	2026-07-06 16:10:48	1	255	1	0
        9	2026-07-07 06:55:44	1	255	1	0
       22	2026-07-07 06:58:58	1	255	1	0
        4	2026-07-07 07:03:31	1	255	1	0
       11	2026-07-07 07:03:45	1	255	1	0
        5	2026-07-07 07:03:52	1	255	1	0
       11	2026-07-07 07:04:16	1	255	1	0
       11	2026-07-07 07:04:18	1	255	1	0
        7	2026-07-07 08:21:30	1	255	1	0
        4	2026-07-07 16:03:10	1	255	1	0
       11	2026-07-07 16:09:38	1	255	1	0
        4	2026-07-08 06:41:39	1	255	1	0
       11	2026-07-08 06:42:06	1	255	1	0
       21	2026-07-08 06:43:08	1	255	1	0
        5	2026-07-08 06:43:28	1	255	1	0
        9	2026-07-08 06:55:25	1	255	1	0
       22	2026-07-08 06:56:10	1	255	1	0
        7	2026-07-08 08:18:17	1	255	1	0
        4	2026-07-08 16:02:55	1	255	1	0
       22	2026-07-08 16:07:09	1	255	1	0
        9	2026-07-08 16:07:37	1	255	1	0
       21	2026-07-08 16:13:08	1	255	1	0
        5	2026-07-08 16:15:59	1	255	1	0
       11	2026-07-08 16:16:06	1	255	1	0
        4	2026-07-09 07:00:18	1	255	1	0
        5	2026-07-09 07:00:24	1	255	1	0
        9	2026-07-09 07:00:28	1	255	1	0
       11	2026-07-09 07:00:57	1	255	1	0
       21	2026-07-09 07:01:45	1	255	1	0
        7	2026-07-09 08:23:30	1	255	1	0
        4	2026-07-09 15:59:26	1	255	1	0
       22	2026-07-09 15:59:32	1	255	1	0
       21	2026-07-09 15:59:37	1	255	1	0
        9	2026-07-09 16:00:04	1	255	1	0
       11	2026-07-09 16:00:13	1	255	1	0
       11	2026-07-09 16:01:42	1	255	1	0
        5	2026-07-09 16:01:50	1	255	1	0
        9	2026-07-10 06:54:52	1	255	1	0
       22	2026-07-10 06:55:52	1	255	1	0
        5	2026-07-10 07:55:40	1	255	1	0
        7	2026-07-10 08:02:28	1	255	1	0
       11	2026-07-10 08:03:20	1	255	1	0
       11	2026-07-10 08:05:22	1	255	1	0
        4	2026-07-10 16:16:08	1	255	1	0
       11	2026-07-10 16:16:13	1	255	1	0
       21	2026-07-10 16:16:19	1	255	1	0
        5	2026-07-10 16:16:38	1	255	1	0
        9	2026-07-10 16:11:08	1	255	1	0
        5	2026-07-13 06:49:09	1	255	1	0
       11	2026-07-13 06:49:14	1	255	1	0
       21	2026-07-13 06:49:30	1	255	1	0
        4	2026-07-13 06:52:59	1	255	1	0
        9	2026-07-13 06:55:49	1	255	1	0
       22	2026-07-13 06:56:11	1	255	1	0
        7	2026-07-13 08:14:18	1	255	1	0
       21	2026-07-13 15:56:44	1	255	1	0
       11	2026-07-13 15:59:08	1	255	1	0
       11	2026-07-13 16:01:32	1	255	1	0
        5	2026-07-13 16:01:36	1	255	1	0
        4	2026-07-13 16:01:49	1	255	1	0
        9	2026-07-13 16:50:17	1	255	1	0
       22	2026-07-13 16:50:24	1	255	1	0
        4	2026-07-14 06:43:08	1	255	1	0
        5	2026-07-14 06:43:18	1	255	1	0
       21	2026-07-14 06:45:29	1	255	1	0
       11	2026-07-14 06:45:33	1	255	1	0
        9	2026-07-14 06:56:38	1	255	1	0
       22	2026-07-14 06:57:48	1	255	1	0
        7	2026-07-14 07:49:28	1	255	1	0
        9	2026-07-14 16:02:17	1	255	1	0
       22	2026-07-14 16:02:25	1	255	1	0
        4	2026-07-14 16:05:24	1	255	1	0
       21	2026-07-14 16:09:08	1	255	1	0
        5	2026-07-14 16:09:18	1	255	1	0
       11	2026-07-14 16:09:21	1	255	1	0
        4	2026-07-15 06:48:30	1	255	1	0
       11	2026-07-15 06:49:51	1	255	1	0
       21	2026-07-15 06:49:56	1	255	1	0
        9	2026-07-15 06:56:25	1	255	1	0
       22	2026-07-15 06:56:52	1	255	1	0
       22	2026-07-15 15:59:32	1	255	1	0
        4	2026-07-15 16:01:51	1	255	1	0
        5	2026-07-15 16:03:44	1	255	1	0
       11	2026-07-15 16:03:48	1	255	1	0
        4	2026-07-16 06:51:11	1	255	1	0
        5	2026-07-16 06:51:17	1	255	1	0
       11	2026-07-16 06:51:46	1	255	1	0
       22	2026-07-16 06:57:09	1	255	1	0
        7	2026-07-16 08:36:07	1	255	1	0
        4	2026-07-16 16:00:44	1	255	1	0
       22	2026-07-16 16:00:49	1	255	1	0
        9	2026-07-16 16:00:56	1	255	1	0
        5	2026-07-16 16:10:46	1	255	1	0
       11	2026-07-16 16:10:57	1	255	1	0
        5	2026-07-17 06:50:14	1	255	1	0
        4	2026-07-17 06:50:17	1	255	1	0
       11	2026-07-17 06:50:39	1	255	1	0
        9	2026-07-17 06:56:54	1	255	1	0
       22	2026-07-17 06:57:30	1	255	1	0
        7	2026-07-17 08:17:18	1	255	1	0
        4	2026-07-17 15:57:49	1	255	1	0
       22	2026-07-17 15:59:47	1	255	1	0
       11	2026-07-17 15:59:54	1	255	1	0
        5	2026-07-17 16:00:49	1	255	1	0
        9	2026-07-17 16:30:03	1	255	1	0
       12	2026-07-20 06:46:52	1	255	1	0
        5	2026-07-20 06:46:56	1	255	1	0
       11	2026-07-20 06:47:29	1	255	1	0
       22	2026-07-20 06:54:33	1	255	1	0
        4	2026-07-20 07:07:14	1	255	1	0
        9	2026-07-20 07:27:47	1	255	1	0
        7	2026-07-20 08:57:12	1	255	1	0
        4	2026-07-20 15:59:16	1	255	1	0
       22	2026-07-20 15:59:21	1	255	1	0
        9	2026-07-20 15:59:26	1	255	1	0
       11	2026-07-20 15:59:36	1	255	1	0
        5	2026-07-20 15:59:40	1	255	1	0
       12	2026-07-20 15:59:43	1	255	1	0
        4	2026-07-21 06:48:08	1	255	1	0
        5	2026-07-21 06:48:13	1	255	1	0
       12	2026-07-21 06:48:17	1	255	1	0
       11	2026-07-21 06:48:44	1	255	1	0
       22	2026-07-21 06:55:41	1	255	1	0
        5	2026-07-21 16:04:50	1	255	1	0
       11	2026-07-21 16:04:55	1	255	1	0
       12	2026-07-21 16:05:03	1	255	1	0
        4	2026-07-21 16:05:06	1	255	1	0
        4	2026-07-22 06:44:41	1	255	1	0
       12	2026-07-22 06:47:26	1	255	1	0
        5	2026-07-22 06:48:01	1	255	1	0
       11	2026-07-22 06:48:36	1	255	1	0
       22	2026-07-22 06:48:45	1	255	1	0
        7	2026-07-22 07:44:40	1	255	1	0
        4	2026-07-22 15:55:41	1	255	1	0
       12	2026-07-22 15:55:46	1	255	1	0
       22	2026-07-22 15:55:48	1	255	1	0
       11	2026-07-22 16:53:34	1	255	1	0
        5	2026-07-22 16:53:40	1	255	1	0
        5	2026-07-23 06:46:05	1	255	1	0
       12	2026-07-23 06:46:09	1	255	1	0
       11	2026-07-23 06:46:22	1	255	1	0
       22	2026-07-23 06:57:18	1	255	1	0
        4	2026-07-23 07:01:51	1	255	1	0
        4	2026-07-23 16:02:56	1	255	1	0
       11	2026-07-23 16:03:04	1	255	1	0
       12	2026-07-23 16:03:07	1	255	1	0
       12	2026-07-24 06:47:26	1	255	1	0
        5	2026-07-24 06:47:29	1	255	1	0
       11	2026-07-24 06:47:42	1	255	1	0
        4	2026-07-24 06:50:08	1	255	1	0
       11	2026-07-24 06:50:20	1	255	1	0
       22	2026-07-24 06:54:54	1	255	1	0
        4	2026-07-24 15:58:48	1	255	1	0
        5	2026-07-24 16:11:16	1	255	1	0
       11	2026-07-24 16:11:23	1	255	1	0
       12	2026-07-24 16:11:34	1	255	1	0
       12	2026-07-27 06:46:16	1	255	1	0
        5	2026-07-27 06:46:35	1	255	1	0
       11	2026-07-27 06:46:48	1	255	1	0
       11	2026-07-27 06:47:18	1	255	1	0
       22	2026-07-27 07:47:30	1	255	1	0
        4	2026-07-27 16:01:29	1	255	1	0
       12	2026-07-27 16:01:33	1	255	1	0
       11	2026-07-27 16:01:39	1	255	1	0
        5	2026-07-27 16:01:41	1	255	1	0
       22	2026-07-27 16:02:55	1	255	1	0
        4	2026-07-28 06:41:40	1	255	1	0
       12	2026-07-28 06:54:09	1	255	1	0
        5	2026-07-28 06:54:15	1	255	1	0
       11	2026-07-28 06:54:35	1	255	1	0
       22	2026-07-28 06:56:09	1	255	1	0
       11	2026-07-28 07:12:09	1	255	1	0
        7	2026-07-28 07:44:29	1	255	1	0
        4	2026-07-28 15:59:33	1	255	1	0
       22	2026-07-28 15:59:39	1	255	1	0
       12	2026-07-28 16:09:08	1	255	1	0
       11	2026-07-28 16:09:10	1	255	1	0
        5	2026-07-28 16:09:13	1	255	1	0
        5	2026-07-29 05:43:58	1	255	1	0
       12	2026-07-29 05:44:18	1	255	1	0
        4	2026-07-29 06:30:26	1	255	1	0
       22	2026-07-29 07:00:50	1	255	1	0
        4	2026-07-29 16:08:22	1	255	1	0
       12	2026-07-29 16:19:43	1	255	1	0
        5	2026-07-29 16:19:52	1	255	1	0
       11	2026-07-29 16:19:58	1	255	1	0
        4	2026-07-30 06:42:52	1	255	1	0
       12	2026-07-30 06:52:06	1	255	1	0
       22	2026-07-30 06:59:22	1	255	1	0
       11	2026-07-30 06:59:54	1	255	1	0
        5	2026-07-30 06:59:59	1	255	1	0
       22	2026-07-30 16:03:58	1	255	1	0
        4	2026-07-30 16:17:27	1	255	1	0
       12	2026-07-30 16:17:31	1	255	1	0
        5	2026-07-30 16:17:35	1	255	1	0
       11	2026-07-30 16:17:48	1	255	1	0
        5	2026-07-31 06:46:10	1	255	1	0
       12	2026-07-31 06:46:49	1	255	1	0
       11	2026-07-31 06:47:10	1	255	1	0
       22	2026-07-31 06:58:55	1	255	1	0
        7	2026-07-31 08:25:30	1	255	1	0
        4	2026-07-31 16:00:01	1	255	1	0
       12	2026-07-31 16:02:14	1	255	1	0
        5	2026-07-31 16:03:06	1	255	1	0
        4	2026-07-10 06:56:09	1	255	1	0
        4	2026-07-27 06:57:00	1	255	1	0
        4	2026-07-31 06:59:39	1	255	1	0
        5	2026-07-07 16:04:20	1	255	1	0
        5	2026-07-15 06:45:01	1	255	1	0
        5	2026-07-23 16:10:18	1	255	1	0
        9	2026-07-07 16:10:51	1	255	1	0
        9	2026-07-15 16:05:47	1	255	1	0
        9	2026-07-16 06:58:13	1	255	1	0
       11	2026-07-02 06:44:19	1	255	1	0
       11	2026-07-29 06:47:13	1	255	1	0
       11	2026-07-31 16:39:28	1	255	1	0
       12	2026-07-02 16:17:04	1	255	1	0
       21	2026-07-01 16:01:02	1	255	1	0
       21	2026-07-10 06:51:29	1	255	1	0
       21	2026-07-15 16:15:17	1	255	1	0
       22	2026-07-07 16:01:39	1	255	1	0
       22	2026-07-09 06:51:27	1	255	1	0
       22	2026-07-10 16:02:19	1	255	1	0
       22	2026-07-21 16:11:05	1	255	1	0
       22	2026-07-23 16:03:44	1	255	1	0
       22	2026-07-24 16:04:52	1	255	1	0
       22	2026-07-29 16:04:09	1	255	1	0
       22	2026-07-31 16:05:25	1	255	1	0
