        8	2024-05-01 05:05:09	1	255	1	0
        8	2024-05-02 04:18:02	1	255	1	0
       12	2024-05-02 06:54:50	1	255	1	0
        5	2024-05-02 06:54:53	1	255	1	0
       11	2024-05-02 06:54:57	1	255	1	0
       14	2024-05-02 07:38:38	1	255	1	0
       15	2024-05-02 07:17:06	1	255	1	0
        6	2024-05-02 07:57:14	1	255	1	0
        7	2024-05-02 07:57:17	1	255	1	0
       12	2024-05-02 16:03:08	1	255	1	0
        5	2024-05-02 16:03:11	1	255	1	0
       14	2024-05-02 16:03:14	1	255	1	0
       11	2024-05-02 16:03:25	1	255	1	0
       15	2024-05-02 18:05:11	1	255	1	0
        4	2024-05-02 18:02:46	1	255	1	0
        8	2024-05-03 04:54:15	1	255	1	0
        4	2024-05-03 06:43:32	1	255	1	0
       14	2024-05-03 06:53:20	1	255	1	0
       12	2024-05-03 07:09:16	1	255	1	0
        5	2024-05-03 07:09:18	1	255	1	0
        7	2024-05-03 07:09:21	1	255	1	0
       15	2024-05-03 07:09:25	1	255	1	0
        6	2024-05-03 07:09:30	1	255	1	0
       11	2024-05-03 07:09:49	1	255	1	0
        4	2024-05-03 16:15:24	1	255	1	0
       14	2024-05-03 16:15:30	1	255	1	0
        5	2024-05-03 16:20:16	1	255	1	0
       11	2024-05-03 16:20:19	1	255	1	0
        6	2024-05-03 19:00:30	1	255	1	0
       15	2024-05-03 21:51:36	1	255	1	0
        8	2024-05-04 04:28:26	1	255	1	0
       15	2024-05-04 07:16:00	1	255	1	0
        8	2024-05-05 04:36:39	1	255	1	0
        8	2024-05-06 04:21:16	1	255	1	0
        4	2024-05-06 06:39:47	1	255	1	0
       14	2024-05-06 06:50:46	1	255	1	0
       11	2024-05-06 06:51:53	1	255	1	0
       12	2024-05-06 06:51:59	1	255	1	0
        5	2024-05-06 06:52:25	1	255	1	0
        7	2024-05-06 07:34:47	1	255	1	0
        9	2024-05-06 08:02:16	1	255	1	0
       15	2024-05-06 07:09:19	1	255	1	0
        6	2024-05-06 08:33:10	1	255	1	0
       15	2024-05-06 17:04:28	1	255	1	0
        6	2024-05-06 16:16:53	1	255	1	0
        4	2024-05-06 16:26:03	1	255	1	0
       14	2024-05-06 16:26:08	1	255	1	0
       12	2024-05-06 16:26:22	1	255	1	0
        5	2024-05-06 16:26:27	1	255	1	0
       11	2024-05-06 16:26:32	1	255	1	0
        9	2024-05-06 18:01:15	1	255	1	0
        8	2024-05-07 04:27:30	1	255	1	0
        4	2024-05-07 06:38:07	1	255	1	0
        4	2024-05-07 06:41:11	1	255	1	0
       14	2024-05-07 06:48:28	1	255	1	0
       12	2024-05-07 06:49:19	1	255	1	0
        5	2024-05-07 06:49:23	1	255	1	0
       11	2024-05-07 06:49:28	1	255	1	0
        9	2024-05-07 07:51:11	1	255	1	0
        7	2024-05-07 09:38:33	1	255	1	0
        6	2024-05-07 09:38:39	1	255	1	0
       11	2024-05-07 16:22:34	1	255	1	0
        5	2024-05-07 16:22:37	1	255	1	0
       12	2024-05-07 16:22:40	1	255	1	0
       14	2024-05-07 16:22:45	1	255	1	0
        4	2024-05-07 16:55:17	1	255	1	0
        9	2024-05-07 16:58:45	1	255	1	0
        9	2024-05-07 17:08:29	1	255	1	0
        8	2024-05-08 04:27:58	1	255	1	0
        4	2024-05-08 06:36:57	1	255	1	0
       14	2024-05-08 06:47:07	1	255	1	0
       12	2024-05-08 06:49:47	1	255	1	0
       11	2024-05-08 06:49:51	1	255	1	0
        5	2024-05-08 06:50:33	1	255	1	0
        7	2024-05-08 07:10:09	1	255	1	0
        6	2024-05-08 07:10:16	1	255	1	0
       15	2024-05-08 07:10:22	1	255	1	0
        9	2024-05-08 08:05:34	1	255	1	0
        5	2024-05-08 15:55:18	1	255	1	0
        4	2024-05-08 15:55:26	1	255	1	0
       15	2024-05-08 17:02:33	1	255	1	0
        9	2024-05-08 16:02:58	1	255	1	0
        6	2024-05-08 17:08:02	1	255	1	0
        8	2024-05-09 04:06:11	1	255	1	0
        8	2024-05-10 04:17:01	1	255	1	0
        8	2024-05-11 05:08:46	1	255	1	0
        8	2024-05-12 04:28:28	1	255	1	0
        5	2024-05-12 07:52:24	1	255	1	0
       11	2024-05-12 07:52:29	1	255	1	0
        7	2024-05-12 07:53:10	1	255	1	0
       11	2024-05-12 16:27:01	1	255	1	0
        5	2024-05-12 16:27:09	1	255	1	0
        8	2024-05-13 04:14:18	1	255	1	0
        4	2024-05-13 06:35:47	1	255	1	0
       14	2024-05-13 06:46:43	1	255	1	0
       12	2024-05-13 06:48:53	1	255	1	0
       11	2024-05-13 06:48:58	1	255	1	0
        7	2024-05-13 07:00:43	1	255	1	0
        6	2024-05-13 07:00:50	1	255	1	0
       15	2024-05-13 07:00:58	1	255	1	0
        9	2024-05-13 07:36:57	1	255	1	0
       15	2024-05-13 17:16:42	1	255	1	0
        9	2024-05-13 15:50:17	1	255	1	0
        4	2024-05-13 16:04:25	1	255	1	0
       14	2024-05-13 16:04:30	1	255	1	0
       12	2024-05-13 16:04:44	1	255	1	0
       11	2024-05-13 16:04:48	1	255	1	0
        8	2024-05-14 04:40:50	1	255	1	0
        4	2024-05-14 06:36:37	1	255	1	0
       14	2024-05-14 06:49:26	1	255	1	0
       12	2024-05-14 06:50:50	1	255	1	0
        9	2024-05-14 08:03:55	1	255	1	0
       14	2024-05-14 16:04:48	1	255	1	0
        4	2024-05-14 16:05:07	1	255	1	0
       11	2024-05-14 16:05:11	1	255	1	0
       12	2024-05-14 16:05:15	1	255	1	0
        9	2024-05-14 16:39:56	1	255	1	0
        8	2024-05-15 04:29:39	1	255	1	0
        4	2024-05-15 06:41:38	1	255	1	0
       12	2024-05-15 06:48:43	1	255	1	0
        5	2024-05-15 06:48:47	1	255	1	0
       14	2024-05-15 06:49:06	1	255	1	0
       11	2024-05-15 06:51:18	1	255	1	0
        7	2024-05-15 07:39:06	1	255	1	0
        9	2024-05-15 08:03:24	1	255	1	0
        4	2024-05-15 16:03:40	1	255	1	0
       14	2024-05-15 16:03:45	1	255	1	0
        5	2024-05-15 16:04:27	1	255	1	0
       12	2024-05-15 16:04:31	1	255	1	0
       11	2024-05-15 16:04:35	1	255	1	0
        9	2024-05-15 16:50:56	1	255	1	0
        8	2024-05-16 04:38:04	1	255	1	0
       12	2024-05-16 06:54:03	1	255	1	0
        5	2024-05-16 06:54:07	1	255	1	0
       11	2024-05-16 06:56:54	1	255	1	0
        9	2024-05-16 07:36:05	1	255	1	0
       15	2024-05-16 08:25:32	1	255	1	0
        6	2024-05-16 09:04:21	1	255	1	0
        7	2024-05-16 11:33:45	1	255	1	0
        4	2024-05-16 16:26:03	1	255	1	0
       14	2024-05-16 16:26:16	1	255	1	0
       12	2024-05-16 16:26:21	1	255	1	0
       11	2024-05-16 16:26:29	1	255	1	0
        5	2024-05-16 16:26:35	1	255	1	0
       15	2024-05-16 16:34:13	1	255	1	0
        9	2024-05-16 16:35:53	1	255	1	0
        8	2024-05-17 04:22:01	1	255	1	0
        4	2024-05-17 06:36:42	1	255	1	0
       14	2024-05-17 06:49:13	1	255	1	0
       12	2024-05-17 06:50:33	1	255	1	0
        5	2024-05-17 06:50:36	1	255	1	0
       11	2024-05-17 06:52:56	1	255	1	0
        9	2024-05-17 08:03:43	1	255	1	0
       15	2024-05-17 08:24:12	1	255	1	0
        6	2024-05-17 08:35:56	1	255	1	0
        9	2024-05-17 15:52:48	1	255	1	0
        4	2024-05-17 16:08:48	1	255	1	0
       15	2024-05-17 16:09:09	1	255	1	0
       14	2024-05-17 16:09:17	1	255	1	0
       11	2024-05-17 16:09:23	1	255	1	0
       12	2024-05-17 16:09:27	1	255	1	0
        5	2024-05-17 16:09:33	1	255	1	0
        6	2024-05-17 17:25:59	1	255	1	0
        8	2024-05-18 04:31:20	1	255	1	0
       14	2024-05-18 06:49:02	1	255	1	0
        5	2024-05-18 06:50:43	1	255	1	0
       12	2024-05-18 06:50:48	1	255	1	0
       11	2024-05-18 06:52:15	1	255	1	0
        5	2024-05-18 16:17:58	1	255	1	0
       12	2024-05-18 16:18:01	1	255	1	0
       14	2024-05-18 16:18:04	1	255	1	0
       11	2024-05-18 16:18:13	1	255	1	0
        8	2024-05-19 04:37:47	1	255	1	0
       15	2024-05-19 08:05:55	1	255	1	0
        6	2024-05-19 09:30:17	1	255	1	0
        8	2024-05-20 04:26:55	1	255	1	0
        4	2024-05-20 06:22:21	1	255	1	0
       12	2024-05-20 06:48:07	1	255	1	0
        5	2024-05-20 06:48:18	1	255	1	0
       14	2024-05-20 06:48:24	1	255	1	0
       11	2024-05-20 06:48:28	1	255	1	0
        9	2024-05-20 07:36:58	1	255	1	0
       15	2024-05-20 08:13:48	1	255	1	0
        7	2024-05-20 09:38:00	1	255	1	0
        4	2024-05-20 15:54:37	1	255	1	0
        5	2024-05-20 15:54:42	1	255	1	0
       11	2024-05-20 15:54:55	1	255	1	0
       15	2024-05-20 15:58:20	1	255	1	0
        9	2024-05-20 16:12:48	1	255	1	0
        8	2024-05-21 04:28:36	1	255	1	0
        5	2024-05-21 06:43:51	1	255	1	0
       11	2024-05-21 06:43:59	1	255	1	0
        4	2024-05-21 06:44:05	1	255	1	0
       14	2024-05-21 06:46:08	1	255	1	0
        9	2024-05-21 07:32:57	1	255	1	0
        7	2024-05-21 07:48:42	1	255	1	0
       15	2024-05-21 07:48:46	1	255	1	0
        4	2024-05-21 16:05:00	1	255	1	0
       14	2024-05-21 16:06:24	1	255	1	0
        9	2024-05-21 16:13:21	1	255	1	0
       11	2024-05-21 16:39:57	1	255	1	0
        5	2024-05-21 16:40:01	1	255	1	0
       15	2024-05-21 16:40:09	1	255	1	0
        8	2024-05-22 04:33:17	1	255	1	0
       12	2024-05-22 06:50:22	1	255	1	0
        5	2024-05-22 06:50:24	1	255	1	0
       14	2024-05-22 06:50:30	1	255	1	0
       11	2024-05-22 06:50:38	1	255	1	0
       15	2024-05-22 07:23:54	1	255	1	0
        7	2024-05-22 07:24:12	1	255	1	0
        9	2024-05-22 07:35:38	1	255	1	0
        4	2024-05-22 07:56:30	1	255	1	0
        4	2024-05-22 16:10:17	1	255	1	0
       14	2024-05-22 16:10:25	1	255	1	0
       15	2024-05-22 16:10:35	1	255	1	0
       11	2024-05-22 16:10:37	1	255	1	0
       15	2024-05-22 16:10:44	1	255	1	0
       12	2024-05-22 16:10:49	1	255	1	0
        5	2024-05-22 16:10:52	1	255	1	0
        9	2024-05-22 16:35:40	1	255	1	0
        8	2024-05-23 04:19:20	1	255	1	0
       14	2024-05-23 06:46:13	1	255	1	0
       12	2024-05-23 06:59:56	1	255	1	0
        5	2024-05-23 07:02:41	1	255	1	0
       11	2024-05-23 07:02:48	1	255	1	0
        4	2024-05-23 07:09:34	1	255	1	0
        9	2024-05-23 08:01:20	1	255	1	0
       15	2024-05-23 08:32:46	1	255	1	0
       12	2024-05-23 16:11:54	1	255	1	0
        4	2024-05-23 16:11:57	1	255	1	0
       11	2024-05-23 16:12:00	1	255	1	0
        5	2024-05-23 16:12:06	1	255	1	0
       14	2024-05-23 16:12:33	1	255	1	0
        9	2024-05-23 16:15:53	1	255	1	0
        8	2024-05-24 04:43:10	1	255	1	0
       14	2024-05-24 06:45:35	1	255	1	0
        4	2024-05-24 06:45:38	1	255	1	0
       12	2024-05-24 06:48:06	1	255	1	0
        5	2024-05-24 06:48:10	1	255	1	0
       11	2024-05-24 06:48:12	1	255	1	0
       11	2024-05-24 07:03:30	1	255	1	0
        7	2024-05-24 08:28:59	1	255	1	0
       15	2024-05-24 08:32:10	1	255	1	0
        7	2024-05-24 08:48:26	1	255	1	0
        9	2024-05-24 16:11:30	1	255	1	0
        6	2024-05-24 16:54:38	1	255	1	0
       15	2024-05-24 16:54:44	1	255	1	0
        4	2024-05-24 17:43:05	1	255	1	0
       12	2024-05-24 18:08:53	1	255	1	0
       14	2024-05-24 18:08:55	1	255	1	0
       11	2024-05-24 18:08:59	1	255	1	0
        5	2024-05-24 18:09:03	1	255	1	0
        8	2024-05-25 03:53:56	1	255	1	0
        5	2024-05-25 07:02:26	1	255	1	0
       11	2024-05-25 07:02:31	1	255	1	0
       12	2024-05-25 07:06:02	1	255	1	0
        4	2024-05-25 07:21:17	1	255	1	0
        7	2024-05-25 14:11:10	1	255	1	0
        8	2024-05-26 05:20:49	1	255	1	0
        8	2024-05-27 04:16:24	1	255	1	0
       14	2024-05-27 06:44:40	1	255	1	0
       12	2024-05-27 06:48:25	1	255	1	0
       11	2024-05-27 06:48:29	1	255	1	0
        5	2024-05-27 06:48:56	1	255	1	0
       11	2024-05-27 06:52:06	1	255	1	0
        4	2024-05-27 07:54:41	1	255	1	0
        6	2024-05-27 07:59:41	1	255	1	0
        7	2024-05-27 07:59:44	1	255	1	0
       15	2024-05-27 10:16:22	1	255	1	0
        4	2024-05-27 15:56:38	1	255	1	0
       11	2024-05-27 15:56:42	1	255	1	0
       14	2024-05-27 15:56:45	1	255	1	0
       12	2024-05-27 15:56:58	1	255	1	0
        5	2024-05-27 15:57:05	1	255	1	0
        8	2024-05-28 04:20:04	1	255	1	0
       14	2024-05-28 06:43:50	1	255	1	0
       12	2024-05-28 06:50:45	1	255	1	0
        5	2024-05-28 06:50:50	1	255	1	0
       11	2024-05-28 06:50:55	1	255	1	0
        4	2024-05-28 07:39:49	1	255	1	0
        6	2024-05-28 08:38:25	1	255	1	0
       15	2024-05-28 08:38:34	1	255	1	0
        7	2024-05-28 08:40:47	1	255	1	0
       14	2024-05-28 16:12:39	1	255	1	0
       11	2024-05-28 16:12:46	1	255	1	0
        5	2024-05-28 16:12:49	1	255	1	0
       12	2024-05-28 16:12:52	1	255	1	0
       15	2024-05-28 17:56:18	1	255	1	0
        4	2024-05-28 18:02:04	1	255	1	0
        8	2024-05-29 04:42:54	1	255	1	0
        4	2024-05-29 06:07:28	1	255	1	0
       14	2024-05-29 06:46:20	1	255	1	0
       12	2024-05-29 06:48:16	1	255	1	0
        5	2024-05-29 06:48:21	1	255	1	0
       11	2024-05-29 06:48:27	1	255	1	0
       15	2024-05-29 07:15:34	1	255	1	0
        6	2024-05-29 07:15:41	1	255	1	0
        7	2024-05-29 07:15:46	1	255	1	0
        4	2024-05-29 15:57:10	1	255	1	0
       14	2024-05-29 15:57:15	1	255	1	0
       11	2024-05-29 15:57:19	1	255	1	0
       12	2024-05-29 15:57:27	1	255	1	0
        5	2024-05-29 15:57:31	1	255	1	0
        8	2024-05-30 04:43:57	1	255	1	0
       14	2024-05-30 06:46:13	1	255	1	0
       12	2024-05-30 06:51:21	1	255	1	0
       11	2024-05-30 06:51:46	1	255	1	0
        5	2024-05-30 06:51:57	1	255	1	0
        4	2024-05-30 06:57:00	1	255	1	0
        7	2024-05-30 07:37:56	1	255	1	0
        6	2024-05-30 07:38:00	1	255	1	0
       15	2024-05-30 07:38:05	1	255	1	0
        4	2024-05-30 16:05:18	1	255	1	0
       11	2024-05-30 16:05:24	1	255	1	0
       14	2024-05-30 16:05:30	1	255	1	0
       12	2024-05-30 16:05:33	1	255	1	0
        5	2024-05-30 16:05:37	1	255	1	0
        8	2024-05-31 04:20:10	1	255	1	0
       14	2024-05-31 06:11:36	1	255	1	0
       12	2024-05-31 06:48:16	1	255	1	0
        5	2024-05-31 06:48:19	1	255	1	0
       11	2024-05-31 06:48:24	1	255	1	0
        5	2024-05-31 19:59:15	1	255	1	0
        4	2024-05-31 06:51:24	1	255	1	0
        7	2024-05-31 07:30:49	1	255	1	0
       15	2024-05-31 07:30:53	1	255	1	0
        6	2024-05-31 07:30:59	1	255	1	0
        4	2024-05-02 06:45:00	1	255	1	0
        4	2024-05-16 06:45:01	1	255	1	0
        4	2024-05-25 20:12:22	1	255	1	0
        4	2024-05-31 20:30:12	1	255	1	0
        5	2024-05-25 20:01:21	1	255	1	0
        5	2024-05-13 06:30:21	1	255	1	0
        5	2024-05-13 20:12:33	1	255	1	0
        5	2024-05-14 06:29:26	1	255	1	0
        5	2024-05-14 19:59:11	1	255	1	0
        9	2024-05-24 07:05:56	1	255	1	0
        9	2024-05-27 07:20:11	1	255	1	0
        9	2024-05-27 19:39:20	1	255	1	0
       11	2024-05-08 17:58:01	1	255	1	0
       11	2024-05-14 06:28:29	1	255	1	0
       11	2024-05-25 18:48:33	1	255	1	0
       11	2024-05-31 19:58:41	1	255	1	0
       12	2024-05-03 17:51:21	1	255	1	0
       12	2024-05-08 17:35:09	1	255	1	0
       12	2024-05-20 16:51:55	1	255	1	0
       12	2024-05-25 17:01:24	1	255	1	0
       12	2024-05-31 19:50:01	1	255	1	0
       12	2024-05-21 06:31:21	1	255	1	0
       12	2024-05-21 17:51:21	1	255	1	0
       14	2024-05-08 18:57:58	1	255	1	0
       14	2024-05-16 06:35:45	1	255	1	0
       14	2024-05-20 17:57:27	1	255	1	0
       14	2024-05-31 19:40:04	1	255	1	0
       15	2024-05-04 18:33:07	1	255	1	0
       15	2024-05-19 19:01:00	1	255	1	0
       15	2024-05-23 18:01:49	1	255	1	0
       15	2024-05-27 17:46:23	1	255	1	0
       15	2024-05-29 18:01:23	1	255	1	0
       15	2024-05-30 17:10:25	1	255	1	0
       15	2024-05-31 18:23:29	1	255	1	0
        6	2024-05-02 18:14:00	1	255	1	0
        6	2024-05-07 19:59:48	1	255	1	0
        6	2024-05-13 20:54:29	1	255	1	0
        6	2024-05-16 20:53:21	1	255	1	0
        6	2024-05-19 19:51:51	1	255	1	0
        6	2024-05-24 07:00:18	1	255	1	0
        6	2024-05-27 19:30:15	1	255	1	0
        6	2024-05-28 19:10:17	1	255	1	0
        6	2024-05-29 18:45:23	1	255	1	0
        6	2024-05-30 18:44:58	1	255	1	0
        6	2024-05-31 18:34:38	1	255	1	0
        6	2024-05-14 07:00:00	1	255	1	0
        6	2024-05-14 18:00:00	1	255	1	0
        6	2024-05-15 07:00:00	1	255	1	0
        6	2024-05-15 18:00:00	1	255	1	0
        6	2024-05-20 07:00:00	1	255	1	0
        6	2024-05-20 18:00:00	1	255	1	0
        6	2024-05-21 07:00:00	1	255	1	0
        6	2024-05-21 18:00:00	1	255	1	0
        6	2024-05-22 07:00:00	1	255	1	0
        6	2024-05-22 18:00:00	1	255	1	0
        6	2024-05-23 07:00:00	1	255	1	0
        6	2024-05-23 18:00:00	1	255	1	0
