        9	2025-04-01 05:30:32	1	255	1	0
        4	2025-04-01 06:44:08	1	255	1	0
       12	2025-04-01 06:45:33	1	255	1	0
        5	2025-04-01 06:45:42	1	255	1	0
       11	2025-04-01 06:45:46	1	255	1	0
        7	2025-04-01 07:30:50	1	255	1	0
        9	2025-04-01 16:20:14	1	255	1	0
        4	2025-04-01 16:54:01	1	255	1	0
       12	2025-04-01 16:54:05	1	255	1	0
       11	2025-04-01 16:54:08	1	255	1	0
        5	2025-04-01 16:54:11	1	255	1	0
       14	2025-04-01 19:30:13	1	255	1	0
        9	2025-04-02 05:37:18	1	255	1	0
       14	2025-04-02 06:39:56	1	255	1	0
        5	2025-04-02 06:46:43	1	255	1	0
       11	2025-04-02 06:46:55	1	255	1	0
        4	2025-04-02 06:59:40	1	255	1	0
        7	2025-04-02 07:02:44	1	255	1	0
       18	2025-04-02 13:32:46	1	255	1	0
        9	2025-04-02 18:52:17	1	255	1	0
       12	2025-04-02 18:56:27	1	255	1	0
       14	2025-04-02 18:56:29	1	255	1	0
        4	2025-04-02 18:56:32	1	255	1	0
        5	2025-04-02 18:56:36	1	255	1	0
       11	2025-04-02 18:56:41	1	255	1	0
       18	2025-04-03 01:52:42	1	255	1	0
       14	2025-04-03 06:38:12	1	255	1	0
        4	2025-04-03 06:47:16	1	255	1	0
       12	2025-04-03 06:48:55	1	255	1	0
       11	2025-04-03 06:48:59	1	255	1	0
        5	2025-04-03 06:49:03	1	255	1	0
        9	2025-04-03 07:59:38	1	255	1	0
       18	2025-04-03 10:22:19	1	255	1	0
        7	2025-04-03 15:43:12	1	255	1	0
       19	2025-04-03 15:44:38	1	255	1	0
       20	2025-04-03 15:49:02	1	255	1	0
        4	2025-04-03 15:49:46	1	255	1	0
        9	2025-04-03 15:51:22	1	255	1	0
        5	2025-04-03 16:01:02	1	255	1	0
       12	2025-04-03 16:01:09	1	255	1	0
       11	2025-04-03 17:23:01	1	255	1	0
       18	2025-04-04 01:36:05	1	255	1	0
        4	2025-04-04 06:31:17	1	255	1	0
       14	2025-04-04 06:34:50	1	255	1	0
        5	2025-04-04 06:44:41	1	255	1	0
       12	2025-04-04 06:44:43	1	255	1	0
       11	2025-04-04 06:44:47	1	255	1	0
       20	2025-04-04 06:56:49	1	255	1	0
        9	2025-04-04 06:56:56	1	255	1	0
       19	2025-04-04 06:57:15	1	255	1	0
        7	2025-04-04 08:23:06	1	255	1	0
       18	2025-04-04 11:41:27	1	255	1	0
       14	2025-04-04 15:50:38	1	255	1	0
       19	2025-04-04 15:57:38	1	255	1	0
        4	2025-04-04 15:59:06	1	255	1	0
       20	2025-04-04 15:59:12	1	255	1	0
        9	2025-04-04 15:59:17	1	255	1	0
       12	2025-04-04 15:59:23	1	255	1	0
        5	2025-04-04 15:59:29	1	255	1	0
       11	2025-04-04 16:00:50	1	255	1	0
       18	2025-04-04 23:59:10	1	255	1	0
       18	2025-04-05 12:30:49	1	255	1	0
       16	2025-04-05 12:39:53	1	255	1	0
       17	2025-04-05 12:40:02	1	255	1	0
       18	2025-04-06 00:23:44	1	255	1	0
       18	2025-04-06 11:07:53	1	255	1	0
       18	2025-04-06 23:46:03	1	255	1	0
       14	2025-04-07 06:39:38	1	255	1	0
        4	2025-04-07 06:47:55	1	255	1	0
        5	2025-04-07 06:51:30	1	255	1	0
       12	2025-04-07 06:51:33	1	255	1	0
       11	2025-04-07 06:51:37	1	255	1	0
       19	2025-04-07 06:53:53	1	255	1	0
       20	2025-04-07 07:01:46	1	255	1	0
        7	2025-04-07 08:02:49	1	255	1	0
        6	2025-04-07 08:02:54	1	255	1	0
       19	2025-04-07 15:58:44	1	255	1	0
       20	2025-04-07 16:01:11	1	255	1	0
       14	2025-04-07 16:02:53	1	255	1	0
        4	2025-04-07 16:03:02	1	255	1	0
        5	2025-04-07 16:03:10	1	255	1	0
       11	2025-04-07 16:03:19	1	255	1	0
       12	2025-04-07 16:03:24	1	255	1	0
        6	2025-04-07 16:11:15	1	255	1	0
       14	2025-04-08 06:42:50	1	255	1	0
       12	2025-04-08 06:47:38	1	255	1	0
        5	2025-04-08 06:47:41	1	255	1	0
       11	2025-04-08 06:47:46	1	255	1	0
       19	2025-04-08 06:53:21	1	255	1	0
        4	2025-04-08 06:56:42	1	255	1	0
       20	2025-04-08 07:04:28	1	255	1	0
        7	2025-04-08 08:01:08	1	255	1	0
        6	2025-04-08 08:01:19	1	255	1	0
       20	2025-04-08 16:03:36	1	255	1	0
        6	2025-04-08 16:05:58	1	255	1	0
       14	2025-04-08 16:09:10	1	255	1	0
        4	2025-04-08 16:09:25	1	255	1	0
       12	2025-04-08 16:09:29	1	255	1	0
        5	2025-04-08 16:09:33	1	255	1	0
       11	2025-04-08 16:09:36	1	255	1	0
        4	2025-04-09 06:42:41	1	255	1	0
       12	2025-04-09 06:47:22	1	255	1	0
       14	2025-04-09 06:47:25	1	255	1	0
        5	2025-04-09 06:47:28	1	255	1	0
       11	2025-04-09 06:47:32	1	255	1	0
        9	2025-04-09 06:56:17	1	255	1	0
       19	2025-04-09 06:56:29	1	255	1	0
       20	2025-04-09 07:05:27	1	255	1	0
        7	2025-04-09 07:58:37	1	255	1	0
       20	2025-04-09 16:06:05	1	255	1	0
        9	2025-04-09 16:06:14	1	255	1	0
        4	2025-04-09 16:16:27	1	255	1	0
       12	2025-04-09 16:16:35	1	255	1	0
       11	2025-04-09 16:16:39	1	255	1	0
       14	2025-04-09 16:16:43	1	255	1	0
        5	2025-04-09 16:16:50	1	255	1	0
       14	2025-04-10 06:42:10	1	255	1	0
       12	2025-04-10 06:46:40	1	255	1	0
        5	2025-04-10 06:46:46	1	255	1	0
       11	2025-04-10 06:46:53	1	255	1	0
        9	2025-04-10 06:56:12	1	255	1	0
       19	2025-04-10 06:56:35	1	255	1	0
       20	2025-04-10 07:02:41	1	255	1	0
        4	2025-04-10 07:11:44	1	255	1	0
        7	2025-04-10 07:54:06	1	255	1	0
       18	2025-04-10 14:24:26	1	255	1	0
       19	2025-04-10 15:58:08	1	255	1	0
        4	2025-04-10 16:04:37	1	255	1	0
       11	2025-04-10 16:04:40	1	255	1	0
       14	2025-04-10 16:04:43	1	255	1	0
       12	2025-04-10 16:04:46	1	255	1	0
        9	2025-04-10 16:04:50	1	255	1	0
        5	2025-04-10 16:04:55	1	255	1	0
       20	2025-04-10 16:11:07	1	255	1	0
       18	2025-04-11 03:38:41	1	255	1	0
       14	2025-04-11 06:38:17	1	255	1	0
        5	2025-04-11 06:47:00	1	255	1	0
       12	2025-04-11 06:47:06	1	255	1	0
        9	2025-04-11 06:53:23	1	255	1	0
       19	2025-04-11 06:53:38	1	255	1	0
        4	2025-04-11 06:59:16	1	255	1	0
       20	2025-04-11 07:13:51	1	255	1	0
        6	2025-04-11 07:43:01	1	255	1	0
        7	2025-04-11 07:44:02	1	255	1	0
       18	2025-04-11 13:42:43	1	255	1	0
        9	2025-04-11 16:02:55	1	255	1	0
       20	2025-04-11 16:03:00	1	255	1	0
       19	2025-04-11 16:03:05	1	255	1	0
       14	2025-04-11 16:11:44	1	255	1	0
        4	2025-04-11 16:17:53	1	255	1	0
       12	2025-04-11 16:18:03	1	255	1	0
        5	2025-04-11 16:18:08	1	255	1	0
       11	2025-04-11 16:18:31	1	255	1	0
        6	2025-04-11 18:22:15	1	255	1	0
       18	2025-04-12 02:24:02	1	255	1	0
       18	2025-04-12 12:24:20	1	255	1	0
       18	2025-04-12 22:52:44	1	255	1	0
       18	2025-04-13 10:54:17	1	255	1	0
       18	2025-04-13 23:09:40	1	255	1	0
       14	2025-04-14 06:15:56	1	255	1	0
        4	2025-04-14 06:30:17	1	255	1	0
       12	2025-04-14 06:49:42	1	255	1	0
       11	2025-04-14 06:49:53	1	255	1	0
        5	2025-04-14 06:50:10	1	255	1	0
        9	2025-04-14 06:52:55	1	255	1	0
       19	2025-04-14 06:53:08	1	255	1	0
       20	2025-04-14 07:10:39	1	255	1	0
        7	2025-04-14 07:51:35	1	255	1	0
        6	2025-04-14 07:51:43	1	255	1	0
       14	2025-04-14 14:50:11	1	255	1	0
       19	2025-04-14 15:59:16	1	255	1	0
        9	2025-04-14 16:00:35	1	255	1	0
       20	2025-04-14 16:03:00	1	255	1	0
        6	2025-04-14 16:09:38	1	255	1	0
        4	2025-04-14 16:17:06	1	255	1	0
       12	2025-04-14 16:17:12	1	255	1	0
       11	2025-04-14 16:18:10	1	255	1	0
        9	2025-04-15 06:55:03	1	255	1	0
       19	2025-04-15 06:55:16	1	255	1	0
       12	2025-04-15 06:57:19	1	255	1	0
        5	2025-04-15 06:57:26	1	255	1	0
       20	2025-04-15 07:09:48	1	255	1	0
        4	2025-04-15 07:27:53	1	255	1	0
       14	2025-04-15 07:53:10	1	255	1	0
        6	2025-04-15 08:00:29	1	255	1	0
        7	2025-04-15 08:00:53	1	255	1	0
       20	2025-04-15 16:00:48	1	255	1	0
       19	2025-04-15 16:01:54	1	255	1	0
        9	2025-04-15 16:02:19	1	255	1	0
        6	2025-04-15 16:08:26	1	255	1	0
       14	2025-04-15 16:13:24	1	255	1	0
       12	2025-04-15 16:13:29	1	255	1	0
       12	2025-04-16 06:45:37	1	255	1	0
       11	2025-04-16 06:45:40	1	255	1	0
       14	2025-04-16 06:45:44	1	255	1	0
        9	2025-04-16 06:55:37	1	255	1	0
       19	2025-04-16 06:55:47	1	255	1	0
       20	2025-04-16 07:09:15	1	255	1	0
        7	2025-04-16 07:43:02	1	255	1	0
        6	2025-04-16 07:43:14	1	255	1	0
        6	2025-04-16 07:49:16	1	255	1	0
       20	2025-04-16 16:06:12	1	255	1	0
       19	2025-04-16 16:06:32	1	255	1	0
        6	2025-04-16 16:36:12	1	255	1	0
        4	2025-04-16 16:38:37	1	255	1	0
       12	2025-04-16 16:38:42	1	255	1	0
       14	2025-04-16 16:38:45	1	255	1	0
       11	2025-04-16 16:38:50	1	255	1	0
        4	2025-04-17 06:41:09	1	255	1	0
       14	2025-04-17 06:42:16	1	255	1	0
       11	2025-04-17 06:47:10	1	255	1	0
        5	2025-04-17 06:47:13	1	255	1	0
       12	2025-04-17 06:47:19	1	255	1	0
        9	2025-04-17 06:52:19	1	255	1	0
       19	2025-04-17 06:52:45	1	255	1	0
       20	2025-04-17 07:07:36	1	255	1	0
        6	2025-04-17 07:42:46	1	255	1	0
        7	2025-04-17 07:42:49	1	255	1	0
       18	2025-04-17 14:37:47	1	255	1	0
       20	2025-04-17 16:17:11	1	255	1	0
       19	2025-04-17 16:28:33	1	255	1	0
        9	2025-04-17 16:28:52	1	255	1	0
        4	2025-04-17 16:39:59	1	255	1	0
       14	2025-04-17 18:49:17	1	255	1	0
        6	2025-04-17 19:40:36	1	255	1	0
       12	2025-04-17 19:49:50	1	255	1	0
        5	2025-04-17 19:49:55	1	255	1	0
        5	2025-04-17 19:49:59	1	255	1	0
       11	2025-04-17 19:50:20	1	255	1	0
       18	2025-04-18 03:17:08	1	255	1	0
       14	2025-04-18 06:40:59	1	255	1	0
        5	2025-04-18 06:46:14	1	255	1	0
       12	2025-04-18 06:46:20	1	255	1	0
       11	2025-04-18 06:46:36	1	255	1	0
        4	2025-04-18 06:50:17	1	255	1	0
        9	2025-04-18 06:54:21	1	255	1	0
       19	2025-04-18 06:54:40	1	255	1	0
       20	2025-04-18 07:17:37	1	255	1	0
        6	2025-04-18 08:05:09	1	255	1	0
        7	2025-04-18 08:05:11	1	255	1	0
       18	2025-04-18 14:19:30	1	255	1	0
       20	2025-04-18 16:16:48	1	255	1	0
        9	2025-04-18 16:20:11	1	255	1	0
       19	2025-04-18 16:20:20	1	255	1	0
        4	2025-04-18 16:35:39	1	255	1	0
       12	2025-04-18 16:35:43	1	255	1	0
       14	2025-04-18 16:35:47	1	255	1	0
        5	2025-04-18 16:35:50	1	255	1	0
        5	2025-04-18 16:35:54	1	255	1	0
       11	2025-04-18 16:35:59	1	255	1	0
        6	2025-04-18 16:38:13	1	255	1	0
       18	2025-04-19 02:46:23	1	255	1	0
       18	2025-04-19 13:37:24	1	255	1	0
       18	2025-04-20 01:16:04	1	255	1	0
       18	2025-04-20 08:53:33	1	255	1	0
       18	2025-04-20 21:58:25	1	255	1	0
        4	2025-04-21 06:39:51	1	255	1	0
        5	2025-04-21 06:39:58	1	255	1	0
       11	2025-04-21 06:40:05	1	255	1	0
        5	2025-04-21 06:40:23	1	255	1	0
       14	2025-04-21 06:43:44	1	255	1	0
        9	2025-04-21 06:54:46	1	255	1	0
       19	2025-04-21 06:55:08	1	255	1	0
       20	2025-04-21 07:17:23	1	255	1	0
        7	2025-04-21 08:05:31	1	255	1	0
        6	2025-04-21 08:05:40	1	255	1	0
        9	2025-04-21 16:04:19	1	255	1	0
       19	2025-04-21 16:04:48	1	255	1	0
       20	2025-04-21 16:07:56	1	255	1	0
       14	2025-04-21 16:08:46	1	255	1	0
       11	2025-04-21 16:10:10	1	255	1	0
        4	2025-04-21 16:11:00	1	255	1	0
        6	2025-04-21 16:11:07	1	255	1	0
        5	2025-04-21 16:11:11	1	255	1	0
        4	2025-04-22 06:37:19	1	255	1	0
       12	2025-04-22 06:44:39	1	255	1	0
       14	2025-04-22 06:44:41	1	255	1	0
        5	2025-04-22 06:44:52	1	255	1	0
       11	2025-04-22 06:45:04	1	255	1	0
        9	2025-04-22 06:51:33	1	255	1	0
       19	2025-04-22 06:51:56	1	255	1	0
       20	2025-04-22 07:10:06	1	255	1	0
        7	2025-04-22 07:41:03	1	255	1	0
        6	2025-04-22 07:41:08	1	255	1	0
       20	2025-04-22 16:06:40	1	255	1	0
       19	2025-04-22 16:32:13	1	255	1	0
        9	2025-04-22 16:34:01	1	255	1	0
       14	2025-04-22 16:46:13	1	255	1	0
        4	2025-04-22 16:46:20	1	255	1	0
       11	2025-04-22 16:46:25	1	255	1	0
       12	2025-04-22 16:46:31	1	255	1	0
        5	2025-04-22 16:46:35	1	255	1	0
        6	2025-04-22 16:50:12	1	255	1	0
        4	2025-04-23 06:20:27	1	255	1	0
       11	2025-04-23 06:44:09	1	255	1	0
        5	2025-04-23 06:44:12	1	255	1	0
       12	2025-04-23 06:44:14	1	255	1	0
       14	2025-04-23 06:44:17	1	255	1	0
        9	2025-04-23 06:52:56	1	255	1	0
       19	2025-04-23 06:53:09	1	255	1	0
       20	2025-04-23 07:01:05	1	255	1	0
        7	2025-04-23 07:36:05	1	255	1	0
        6	2025-04-23 07:36:12	1	255	1	0
        6	2025-04-23 07:40:01	1	255	1	0
        9	2025-04-23 16:17:14	1	255	1	0
       19	2025-04-23 16:17:29	1	255	1	0
       20	2025-04-23 16:39:21	1	255	1	0
        6	2025-04-23 16:42:46	1	255	1	0
        4	2025-04-23 16:52:38	1	255	1	0
       14	2025-04-23 16:52:42	1	255	1	0
       12	2025-04-23 16:52:48	1	255	1	0
        5	2025-04-23 16:52:54	1	255	1	0
       11	2025-04-23 16:52:59	1	255	1	0
        9	2025-04-24 05:05:47	1	255	1	0
       19	2025-04-24 05:06:19	1	255	1	0
        7	2025-04-24 08:38:33	1	255	1	0
       18	2025-04-24 13:47:01	1	255	1	0
       14	2025-04-24 13:47:10	1	255	1	0
        9	2025-04-24 14:39:36	1	255	1	0
       19	2025-04-24 14:40:20	1	255	1	0
       20	2025-04-24 16:05:04	1	255	1	0
        4	2025-04-24 16:39:37	1	255	1	0
        6	2025-04-24 16:52:48	1	255	1	0
       11	2025-04-24 17:00:33	1	255	1	0
       12	2025-04-24 17:00:40	1	255	1	0
       14	2025-04-24 20:47:30	1	255	1	0
        9	2025-04-25 05:02:34	1	255	1	0
       19	2025-04-25 05:02:54	1	255	1	0
        4	2025-04-25 06:44:20	1	255	1	0
       12	2025-04-25 06:46:23	1	255	1	0
        5	2025-04-25 06:46:26	1	255	1	0
       11	2025-04-25 06:46:31	1	255	1	0
       20	2025-04-25 07:06:57	1	255	1	0
       18	2025-04-25 07:32:11	1	255	1	0
        7	2025-04-25 07:46:44	1	255	1	0
        6	2025-04-25 07:46:58	1	255	1	0
       14	2025-04-25 13:48:55	1	255	1	0
        9	2025-04-25 14:49:15	1	255	1	0
       19	2025-04-25 14:49:34	1	255	1	0
       18	2025-04-25 15:41:00	1	255	1	0
       20	2025-04-25 16:21:00	1	255	1	0
        4	2025-04-25 16:39:55	1	255	1	0
        6	2025-04-25 16:50:18	1	255	1	0
       11	2025-04-25 16:54:44	1	255	1	0
       12	2025-04-25 16:55:00	1	255	1	0
        5	2025-04-25 16:55:06	1	255	1	0
       14	2025-04-25 20:11:53	1	255	1	0
        9	2025-04-26 06:00:29	1	255	1	0
       19	2025-04-26 06:01:28	1	255	1	0
       18	2025-04-26 06:19:46	1	255	1	0
        5	2025-04-26 06:46:28	1	255	1	0
        5	2025-04-26 06:46:33	1	255	1	0
       12	2025-04-26 06:46:37	1	255	1	0
       11	2025-04-26 06:46:42	1	255	1	0
       11	2025-04-26 06:55:18	1	255	1	0
        7	2025-04-26 07:01:08	1	255	1	0
        6	2025-04-26 07:01:17	1	255	1	0
       19	2025-04-26 14:18:56	1	255	1	0
        4	2025-04-26 14:33:34	1	255	1	0
       14	2025-04-26 14:33:47	1	255	1	0
       12	2025-04-26 14:34:35	1	255	1	0
        5	2025-04-26 14:34:53	1	255	1	0
       18	2025-04-26 15:07:04	1	255	1	0
        6	2025-04-26 16:50:09	1	255	1	0
       18	2025-04-27 01:23:33	1	255	1	0
       18	2025-04-27 11:46:39	1	255	1	0
       18	2025-04-28 01:31:25	1	255	1	0
        9	2025-04-28 06:01:42	1	255	1	0
       19	2025-04-28 06:01:54	1	255	1	0
       14	2025-04-28 06:42:38	1	255	1	0
       11	2025-04-28 06:45:58	1	255	1	0
        5	2025-04-28 06:46:16	1	255	1	0
       12	2025-04-28 06:46:19	1	255	1	0
        4	2025-04-28 06:46:33	1	255	1	0
       20	2025-04-28 07:10:17	1	255	1	0
        6	2025-04-28 08:02:24	1	255	1	0
        7	2025-04-28 08:02:30	1	255	1	0
        4	2025-04-28 16:17:03	1	255	1	0
       19	2025-04-28 16:27:53	1	255	1	0
       20	2025-04-28 16:28:36	1	255	1	0
        9	2025-04-28 16:29:04	1	255	1	0
        6	2025-04-28 16:30:45	1	255	1	0
       12	2025-04-28 16:53:18	1	255	1	0
       14	2025-04-28 16:53:21	1	255	1	0
       11	2025-04-28 16:53:25	1	255	1	0
        5	2025-04-28 16:53:28	1	255	1	0
        4	2025-04-29 06:45:47	1	255	1	0
       11	2025-04-29 06:47:42	1	255	1	0
       12	2025-04-29 06:47:46	1	255	1	0
        5	2025-04-29 06:47:57	1	255	1	0
       11	2025-04-29 06:48:22	1	255	1	0
       14	2025-04-29 06:50:33	1	255	1	0
        9	2025-04-29 06:55:42	1	255	1	0
       19	2025-04-29 06:55:58	1	255	1	0
       20	2025-04-29 07:09:08	1	255	1	0
        7	2025-04-29 07:42:25	1	255	1	0
        6	2025-04-29 07:42:30	1	255	1	0
